# freq(Hz) ydata*y x yfit comp1 comp2 comp3 comp4
3.125000000000000000e-02 1.803742373765847284e-01 1.562500000000000000e-02 1.283819734695189948e-03 1.756622063937892941e-01 1.667575241591937873e-01 1.459257864652304228e-03 1.530254286722083782e-03 5.915170083221125280e-03
6.250000000000000000e-02 1.654942439599561554e-01 1.562500000000000000e-02 1.241624239173591505e-03 1.730481107155231180e-01 1.639083345244494450e-01 1.606855074112418374e-03 1.603615980996068958e-03 5.929305135965171579e-03
9.375000000000000000e-02 1.620464844251202075e-01 1.562500000000000000e-02 1.240073537386359760e-03 1.623197973399400362e-01 1.529194777727698462e-01 1.775987686439939968e-03 1.681994434314303729e-03 5.942337446415938730e-03
1.406250000000000000e-01 1.408498616067157261e-01 1.562500000000000000e-02 8.291733639788948732e-04 1.376667927879969555e-01 1.278183817167944658e-01 2.078716985393802563e-03 1.809908302750185645e-03 5.959785783058490875e-03
1.875000000000000000e-01 1.118568440767367944e-01 1.562500000000000000e-02 1.148613771971432676e-03 1.118041086085411473e-01 1.014228275177144201e-01 2.454928613696713557e-03 1.951678524416185700e-03 5.974673952713825155e-03
2.343750000000000000e-01 8.820214940295738326e-02 1.562500000000000000e-02 7.724445097178450322e-04 9.008651710874937546e-02 7.906559253950375121e-02 2.924827356365568200e-03 2.109134422858741868e-03 5.986962790021303771e-03
2.812500000000000000e-01 7.426250299101082308e-02 1.562500000000000000e-02 1.083053834685365367e-03 7.356852371518084188e-02 6.177552417329305184e-02 3.512024263039099058e-03 2.284355533379109175e-03 5.996619745469579203e-03
3.281250000000000000e-01 6.056605226920812324e-02 1.562500000000000000e-02 7.170186489712122033e-04 6.155270871134103927e-02 4.882942197686965247e-02 4.239974486651993529e-03 2.479693148483120158e-03 6.003619099336280490e-03
4.062500000000000000e-01 4.955006248306470518e-02 1.562500000000000000e-02 5.748744889356641576e-04 4.878032444564953107e-02 3.412576525414902362e-02 5.787977463010085706e-03 2.857250441193677926e-03 6.009331287296742520e-03
4.843750000000000000e-01 4.130725622008300096e-02 1.562500000000000000e-02 7.040111220552520196e-04 4.172173865768244450e-02 2.486578570759849852e-02 7.536352888593950659e-03 3.312030407618898799e-03 6.007569653871099556e-03
5.625000000000000000e-01 3.728422483213138933e-02 1.562500000000000000e-02 5.583764486118922852e-04 3.729890009453482730e-02 1.879097182673695327e-02 8.650127192734367171e-03 3.859453747194541585e-03 5.998347327868962242e-03
6.406250000000000000e-01 3.400036592166581773e-02 1.562500000000000000e-02 6.517395914228655716e-04 3.336532420065062288e-02 1.463983036923693741e-02 8.229294367548694450e-03 4.514466611881863718e-03 5.981732851983129901e-03
7.343750000000000000e-01 2.866000336496137696e-02 1.562500000000000000e-02 4.659634749495163045e-04 2.891261309500621837e-02 1.121434780426046676e-02 6.290608892728609403e-03 5.455442123679649438e-03 5.952214274337491035e-03
8.437500000000000000e-01 2.444672989400685503e-02 1.562500000000000000e-02 5.354037090793171234e-04 2.526415670807209343e-02 8.524067699422177916e-03 4.089762066303581807e-03 6.745358681821246073e-03 5.904968260525086769e-03
9.531250000000000000e-01 2.428381499540657740e-02 1.562500000000000000e-02 4.358309083536276193e-04 2.329730760567258474e-02 6.686638909847606935e-03 2.665723926079270178e-03 8.100378829186277024e-03 5.844565940559431905e-03
1.078125000000000000e+00 2.146951631064784871e-02 1.562500000000000000e-02 4.608781765809318574e-04 2.199832295076847161e-02 5.224468736128184791e-03 1.725314366720828111e-03 9.288052374409846643e-03 5.760487473509612495e-03
1.218750000000000000e+00 2.020363595717639821e-02 1.562500000000000000e-02 3.798550282400217182e-04 2.030988572889810481e-02 4.083547488555690566e-03 1.136356370417592907e-03 9.441531471235851958e-03 5.648450398688969164e-03
1.375000000000000000e+00 1.765769167712891163e-02 1.562500000000000000e-02 3.896956698336278700e-04 1.755043331810984472e-02 3.202644590234099160e-03 7.685376076008599427e-04 8.074239588611782995e-03 5.505011531663103058e-03
1.531250000000000000e+00 1.445484150108680699e-02 1.562500000000000000e-02 3.987903501853877898e-04 1.461949455582024424e-02 2.577630208037518661e-03 5.511686828423092727e-04 6.145792392869319290e-03 5.344903272071096362e-03
1.703125000000000000e+00 1.237603747767368305e-02 1.562500000000000000e-02 3.548524307488934871e-04 1.199037148656827145e-02 2.079499002482939913e-03 4.024077918993879403e-04 4.354799378546398564e-03 5.153665313639544006e-03
1.906250000000000000e+00 9.700737805066514396e-03 1.562500000000000000e-02 3.300001387155216521e-04 9.791236950109430404e-03 1.656324256092475168e-03 2.922947340780167064e-04 2.929432550841761570e-03 4.913185409097177610e-03
2.125000000000000000e+00 8.010850863037580552e-03 1.562500000000000000e-02 3.130946670101532000e-04 8.186428910610280690e-03 1.330054704410903307e-03 2.172384990256942441e-04 1.995050620833403298e-03 4.644085086340280465e-03
2.375000000000000000e+00 7.123612260736279442e-03 1.562500000000000000e-02 2.942584316058181296e-04 6.919383468869864245e-03 1.062519509240381034e-03 1.619459967630733745e-04 1.362061362631894913e-03 4.332856600234514383e-03
2.640625000000000000e+00 5.549465121347295013e-03 1.562500000000000000e-02 3.798110427128913559e-04 5.949605606129609349e-03 8.578273423368401075e-04 1.234139262291593755e-04 9.611870733487300417e-04 4.007177264214879797e-03
2.921875000000000000e+00 5.316887811189925303e-03 1.562500000000000000e-02 3.063357878166839869e-04 5.170431942058144673e-03 6.993793293222697310e-04 9.584148435485088382e-05 6.990515561807749507e-04 3.676159572200248579e-03
3.250000000000000000e+00 4.570550118181092997e-03 1.562500000000000000e-02 2.808368711723061343e-04 4.460755374074514695e-03 5.642794911218208332e-04 7.390885561904102924e-05 5.072652528692854230e-04 3.315301774464367735e-03
3.609375000000000000e+00 3.773145190760296332e-03 1.562500000000000000e-02 2.842738817243365898e-04 3.845225193770964410e-03 4.567502573302098371e-04 5.751489288155956734e-05 3.745881510208600687e-04 2.956371892538334645e-03
4.000000000000000000e+00 3.257209139826154620e-03 1.562500000000000000e-02 2.769643909347800853e-04 3.308654258974413811e-03 3.713337966369145877e-04 4.518608759775315193e-05 2.813637167199992367e-04 2.610770658019746868e-03
4.437500000000000000e+00 3.184983060708539062e-03 1.562500000000000000e-02 2.489482200676181836e-04 2.825826010044579350e-03 3.012925548566958958e-04 3.555375567751491053e-05 2.127634032688510474e-04 2.276216296241517605e-03
4.906250000000000000e+00 2.181467213456216112e-03 1.562500000000000000e-02 2.411142406373632352e-04 2.411075870582652780e-03 2.461555193108931334e-04 2.828798580038881458e-05 1.636685680250621864e-04 1.972963797446308527e-03
5.421875000000000000e+00 1.709826309272174938e-03 1.562500000000000000e-02 2.172858101705015183e-04 2.046507694142944006e-03 2.013247158697400725e-04 2.259702981397282778e-05 1.269312853759130538e-04 1.695654663083318286e-03
6.000000000000000000e+00 1.707874743216148631e-03 1.562500000000000000e-02 2.089132690155328287e-04 1.723101757974662522e-03 1.642152161784278053e-04 1.804178586842219233e-05 9.869723869636686507e-05 1.442147517231445568e-03
6.625000000000000000e+00 1.641817514478630764e-03 1.562500000000000000e-02 2.064525665498995047e-04 1.448774426856961998e-03 1.345585521776621637e-04 1.450900529459445562e-05 7.757520435774403983e-05 1.222131665026961449e-03
7.312500000000000000e+00 1.353756242764238412e-03 1.562500000000000000e-02 1.903436959818165751e-04 1.213355656950760881e-03 1.103454055808920198e-04 1.170027919373305178e-05 6.130443222593071376e-05 1.030005539950205060e-03
8.078125000000000000e+00 7.351566895584975888e-04 1.562500000000000000e-02 1.783181000029363883e-04 1.010604576521681756e-03 9.034350689992711532e-05 9.434900423073075675e-06 4.854616178707684440e-05 8.622800074116047410e-04
8.921875000000000000e+00 9.158315419413215518e-04 1.562500000000000000e-02 1.709867879730101164e-04 8.392047516284850076e-04 7.400637786620553854e-05 7.624097802782963221e-06 3.860217317041744598e-05 7.189721027890790201e-04
9.843750000000000000e+00 5.053015833874382849e-04 1.562500000000000000e-02 1.616397673082639261e-04 6.962223086038575592e-04 6.075120784584654666e-05 6.182993976211844730e-06 3.086370285510627520e-05 5.984244039266929443e-04
1.085937500000000000e+01 7.419309989508610700e-04 1.562500000000000000e-02 1.554058060937852075e-04 5.764038976186376933e-04 4.988697690171430395e-05 5.022076655151813157e-06 2.475269743008254376e-05 4.967421466316889909e-04
1.196875000000000000e+01 5.538082500571578489e-04 1.562500000000000000e-02 1.491010264281644336e-04 4.771495533606381358e-04 4.104366352817354053e-05 4.091654256483216429e-06 1.994118427517463913e-05 4.120730513008067524e-04
1.320312500000000000e+01 3.175319084729311256e-04 1.562500000000000000e-02 1.389010177728086193e-04 3.936984076853807858e-04 3.370983899791448330e-05 3.330766953433201261e-06 1.606850096635137879e-05 3.405893007676817305e-04
1.456250000000000000e+01 3.778697547980206049e-04 1.562500000000000000e-02 1.337875176510555501e-04 3.245386595517649577e-04 2.769652658826930752e-05 2.714746123028750573e-06 1.297779982349758311e-05 2.811495870169693364e-04
1.604687500000000000e+01 3.127906957681534511e-04 1.562500000000000000e-02 1.270738702337033572e-04 2.677588859824891901e-04 2.279941190943009081e-05 2.218756654576564669e-06 1.052102921097095261e-05 2.322196882075115753e-04
1.767187500000000000e+01 2.207828986565508816e-04 1.562500000000000000e-02 1.216773323219109775e-04 2.210107695693321961e-04 1.879163414676455289e-05 1.816969225072042897e-06 8.553522311949600667e-06 1.918486438855460064e-04
1.946875000000000000e+01 2.782926370616392521e-04 1.562500000000000000e-02 1.146333664468030352e-04 1.821809580146080399e-04 1.547724067223762997e-05 1.487749580665944956e-06 6.957891438310185561e-06 1.582580763233942887e-04
2.145312500000000000e+01 1.578732858839864848e-04 1.562500000000000000e-02 1.104670423897902300e-04 1.500384353690618899e-04 1.274213401945118586e-05 1.218339458883739367e-06 5.664247868988163370e-06 1.304137140217388020e-04
2.362500000000000000e+01 1.881132699584204247e-04 1.562500000000000000e-02 1.049322711628613479e-04 1.236796449540646754e-04 1.050381503446719397e-05 9.995279811103320624e-07 4.622345176808646433e-06 1.075539567616785148e-04
2.601562500000000000e+01 1.496046458403710235e-04 1.562500000000000000e-02 1.001479354370109887e-04 1.019352924538121361e-04 8.659670134661583284e-06 8.204785913940607670e-07 3.776185264300547896e-06 8.867895846345594832e-05
2.864062500000000000e+01 7.283562083256598274e-05 1.562500000000000000e-02 9.566343669734695321e-05 8.404349465109527963e-05 7.143237254224290403e-06 6.741553429634144673e-07 3.089376155945352742e-06 7.313672589796222181e-05
3.100000000000000000e+01 1.087671567222275594e-04 1.562500000000000000e-02 1.130015347756120695e-04 7.168680513471090002e-05 6.096121173755220084e-06 5.736377300082736767e-07 2.620235263490617191e-06 6.239681096745679299e-05
