# freq(Hz) power xerr yerr yfit comp1 comp2 comp3 comp4
3.125000000000000000e-02 2.681711111404985193e-01 1.562500000000000000e-02 4.008122014451516620e-03 2.674302845586750688e-01 2.568918914012685573e-01 3.563981414927970374e-03 2.480736273871033803e-03 4.493675468607508626e-03
6.250000000000000000e-02 2.635579753201390263e-01 1.562500000000000000e-02 4.005522613336351401e-03 2.666015357194835289e-01 2.553804367233223904e-01 4.055766139999434500e-03 2.637117824071449120e-03 4.528215032090257899e-03
9.375000000000000000e-02 2.388049452303778186e-01 1.562500000000000000e-02 3.710497885319381274e-03 2.344528854356059400e-01 2.224399544078188018e-01 4.643360510921553351e-03 2.807163231602855490e-03 4.562407285262737137e-03
1.406250000000000000e-01 1.674704845475212811e-01 1.562500000000000000e-02 2.348788467580963189e-03 1.694755552064454718e-01 1.560195296130219289e-01 5.752110723851198981e-03 3.090931570672925035e-03 4.612983298899422761e-03
1.875000000000000000e-01 1.233588478576752856e-01 1.562500000000000000e-02 3.197622375191865214e-03 1.197128319493339643e-01 1.044257733462156529e-01 7.210583545910514286e-03 3.413855923720709225e-03 4.662619133487084025e-03
2.343750000000000000e-01 8.693261846552068073e-02 1.562500000000000000e-02 2.019215344499598972e-03 8.904496880328771624e-02 7.145014355243245463e-02 9.101775049070835386e-03 3.781832976801656216e-03 4.711217224982769576e-03
2.812500000000000000e-01 7.541899381016041459e-02 1.562500000000000000e-02 2.759132135512763415e-03 7.124501231904072085e-02 5.084340696928175279e-02 1.144162518924729706e-02 4.201301522801385684e-03 4.758678637710283578e-03
3.281250000000000000e-01 6.135547750862319766e-02 1.562500000000000000e-02 1.830176585278883716e-03 6.111623933545139858e-02 3.760308738931592704e-02 1.402927762067973476e-02 4.678970880678722834e-03 4.804903444777011354e-03
4.062500000000000000e-01 5.024528080696383237e-02 1.562500000000000000e-02 1.643135245601777192e-03 5.202699771282798952e-02 2.443797367922863686e-02 1.708874295384100669e-02 5.621357361175425074e-03 4.878923718582924354e-03
4.843750000000000000e-01 4.696580179180813441e-02 1.562500000000000000e-02 1.636468209302176366e-03 4.451363747902307988e-02 1.702809609338603453e-02 1.577548266119541479e-02 6.761294199269514242e-03 4.948764525172114591e-03
5.625000000000000000e-01 3.545888214641777780e-02 1.562500000000000000e-02 1.578870592505126139e-03 3.723529367717139799e-02 1.249793679222413294e-02 1.164227699705524914e-02 8.081114149612099104e-03 5.013965738279916803e-03
6.406250000000000000e-01 3.235755291345028539e-02 1.562500000000000000e-02 1.912434643513926790e-03 3.203766973145394381e-02 9.543794359561813892e-03 7.934549577988172023e-03 9.485246923315388684e-03 5.074078870588570080e-03
7.343750000000000000e-01 2.834250606533180589e-02 1.562500000000000000e-02 1.266779575441847380e-03 2.836327721054336323e-02 7.189368186622220082e-03 5.064028961444974782e-03 1.097098538018377936e-02 5.138894682292390742e-03
8.437500000000000000e-01 2.665059108419061754e-02 1.562500000000000000e-02 1.475138916772116742e-03 2.554001554914347299e-02 5.391957603241652984e-03 3.195807954041745506e-03 1.174869893119054147e-02 5.203551060669533469e-03
9.531250000000000000e-01 2.138228498894421264e-02 1.562500000000000000e-02 1.224582026779288089e-03 2.265294819580752905e-02 4.190242323110638344e-03 2.160251365641758375e-03 1.104697846314450435e-02 5.255476043910627983e-03
1.078125000000000000e+00 2.022333863958929168e-02 1.562500000000000000e-02 1.304110055997164839e-03 1.905762640143740527e-02 3.248981750062300642e-03 1.477856499880445245e-03 9.032591668820625155e-03 5.298196482674035097e-03
1.218750000000000000e+00 1.577736149760215062e-02 1.562500000000000000e-02 1.110616981222067607e-03 1.548781207694937406e-02 2.523853243608798012e-03 1.029784166797556837e-03 6.610154980270455116e-03 5.324019686272564097e-03
1.375000000000000000e+00 1.102619188867924940e-02 1.562500000000000000e-02 1.035684700365303553e-03 1.260222851618641657e-02 1.969664342642876188e-03 7.324840759103084641e-04 4.575759828230665030e-03 5.324320269402567536e-03
1.531250000000000000e+00 1.176011597969280932e-02 1.562500000000000000e-02 1.291205424128002380e-03 1.065541603939062706e-02 1.579522738170784351e-03 5.464812009588876883e-04 3.234662866702909222e-03 5.294749233558045803e-03
1.703125000000000000e+00 9.689143323521382314e-03 1.562500000000000000e-02 1.045259684353491399e-03 9.206868579398005265e-03 1.270449155163434068e-03 4.127980600950540693e-04 2.294699114083003765e-03 5.228922250056512386e-03
1.906250000000000000e+00 9.567939150605015569e-03 1.562500000000000000e-02 1.813443401894233257e-03 8.036279627154222990e-03 1.009220371723567201e-03 3.093226595392916745e-04 1.608053434726436403e-03 5.109683161164928038e-03
2.125000000000000000e+00 8.520254337511074319e-03 1.562500000000000000e-02 1.002115032359662946e-03 7.136689416424509338e-03 8.086773620330937667e-04 2.359108246051588235e-04 1.154209191529893081e-03 4.937892038256363504e-03
2.375000000000000000e+00 5.223368382826882109e-03 1.562500000000000000e-02 8.120496477282187348e-04 6.355136438102156060e-03 6.448187209841943490e-04 1.799239922161926359e-04 8.320264627922001029e-04 4.698367262109569460e-03
2.640625000000000000e+00 5.080529459658604877e-03 1.562500000000000000e-02 8.842715751525720034e-04 5.684894357853634977e-03 5.198187989393826579e-04 1.397195505294077686e-04 6.158264196793512574e-04 4.409529588705493781e-03
2.921875000000000000e+00 5.015955516761498936e-03 1.562500000000000000e-02 8.064658001250765706e-04 5.083510879329278948e-03 4.232879224512538924e-04 1.102203215009674484e-04 4.663853984449233643e-04 4.083617236932133958e-03
3.250000000000000000e+00 4.451387101515866251e-03 1.562500000000000000e-02 8.109043164636693841e-04 4.477756420184411841e-03 3.411463877974198439e-04 8.623392871417549517e-05 3.512724786452076911e-04 3.699103625027608689e-03
3.609375000000000000e+00 3.244557770256686468e-03 1.562500000000000000e-02 7.282455294346776081e-04 3.905668746005080353e-03 2.758817446749985960e-04 6.794758936591081626e-05 2.677738715263460584e-04 3.294065540437824801e-03
4.000000000000000000e+00 3.478268585880688220e-03 1.562500000000000000e-02 7.455075726648969104e-04 3.374341378491767761e-03 2.241140264910289641e-04 5.395880551180743686e-05 2.066340458676279202e-04 2.889634500621303392e-03
4.437500000000000000e+00 4.389792688855481337e-03 1.562500000000000000e-02 6.608335025300546717e-04 2.875151709971903585e-03 1.817173486054459374e-04 4.286458296494036750e-05 1.599925637213190234e-04 2.490577214680198426e-03
4.906250000000000000e+00 2.636248476225110451e-03 1.562500000000000000e-02 7.188910579077806067e-04 2.435333815325056630e-03 1.483776438414753521e-04 3.438535155621686026e-05 1.255491935431911040e-04 2.127021626384173469e-03
5.421875000000000000e+00 1.249012726243768330e-03 1.562500000000000000e-02 7.387819075920707117e-04 2.044507046894398616e-03 1.212940924610225702e-04 2.766750563367724626e-05 9.906981936611636101e-05 1.796475629433582581e-03
6.000000000000000000e+00 1.635425563305052590e-03 1.562500000000000000e-02 6.122995013249009312e-04 1.697804690263791678e-03 9.889268911035984061e-05 2.223501164662435543e-05 7.822781187209693011e-05 1.498449177634710548e-03
6.625000000000000000e+00 2.190572329325321359e-03 1.562500000000000000e-02 5.648795465436820670e-04 1.406060232343474313e-03 8.100235893569646725e-05 1.798336865626806334e-05 6.230502891065309442e-05 1.244769475840856688e-03
7.312500000000000000e+00 1.358893081700837191e-03 1.562500000000000000e-02 5.230246127395998075e-04 1.159020317697399393e-03 6.640433297575380463e-05 1.457588727143655459e-05 4.981291412542081601e-05 1.028227183324788123e-03
8.078125000000000000e+00 2.087751526731251926e-04 1.562500000000000000e-02 5.021245703218687843e-04 9.498259362880069308e-04 5.435141982189915007e-05 1.180773283130926255e-05 3.985726026878134791e-05 8.438095233660171347e-04
8.921875000000000000e+00 4.267072204624575539e-04 1.562500000000000000e-02 4.991604206263630704e-04 7.762978651848132352e-04 4.451128587162146754e-05 9.580677097706270315e-06 3.198472523573620197e-05 6.902211769797493004e-04
9.843750000000000000e+00 -9.530794166000341875e-05 1.562500000000000000e-02 4.542679643792727883e-04 6.343600754944974177e-04 3.653061023995292063e-05 7.798046554115980645e-06 2.577956885086131469e-05 5.642518498495672271e-04
1.085937500000000000e+01 6.030561492285339701e-04 1.562500000000000000e-02 4.551098701671111462e-04 5.177239081486860158e-04 2.999172709573893128e-05 6.354586740156069077e-06 2.082374148598015331e-05 4.605538528268108460e-04
1.196875000000000000e+01 9.246858182009169182e-04 1.562500000000000000e-02 4.547587020414926330e-04 4.229217188877846807e-04 2.467079324571246581e-05 5.192372717445431402e-06 1.688242488799549971e-05 3.761761280366313033e-04
1.320312500000000000e+01 3.185602340675298570e-04 1.562500000000000000e-02 3.917776630538069549e-04 3.446438745076504852e-04 2.025928856521888694e-05 4.237978385263011102e-06 1.368160147761832195e-05 3.064650060795502890e-04
1.456250000000000000e+01 -5.711211737832374029e-05 1.562500000000000000e-02 3.865056115876123002e-04 2.808718925396048072e-04 1.664297500232742429e-05 3.462387250732813307e-06 1.110645038523101744e-05 2.496600799013135572e-04
1.604687500000000000e+01 4.358139110744767221e-04 1.562500000000000000e-02 3.643244892473766782e-04 2.293386621991281248e-04 1.369854863155795937e-05 2.835814282342545155e-06 9.044745949494109588e-06 2.037595533357335141e-04
1.767187500000000000e+01 -5.287621875093242605e-04 1.562500000000000000e-02 3.432470124930543632e-04 1.875222666527004607e-04 1.128929320766399599e-05 2.326712762555985248e-06 7.383045974212864025e-06 1.665232147082676222e-04
1.946875000000000000e+01 6.664069064980372541e-04 1.562500000000000000e-02 3.230405086851273564e-04 1.532490251663052065e-04 9.297194289575697417e-06 1.908425679655891379e-06 6.027672783688605558e-06 1.360157324133850045e-04
2.145312500000000000e+01 -8.373038046790150062e-05 1.562500000000000000e-02 3.125201878011813405e-04 1.252236107485300007e-04 7.653518332134001966e-06 1.565284271690961706e-06 4.923114928976664007e-06 1.110816932157283801e-04
2.362500000000000000e+01 5.298658053885581688e-04 1.562500000000000000e-02 2.966768895250486752e-04 1.024958898284210437e-04 6.308568941465601232e-06 1.285968445370521901e-06 4.029354906145960315e-06 9.087199753543896729e-05
2.601562500000000000e+01 4.379795998603394766e-04 1.562500000000000000e-02 2.823000087970115989e-04 8.393548739319618463e-05 5.200600862608005939e-06 1.056950670594300120e-06 3.300468443738746114e-06 7.437746741625513838e-05
2.864062500000000000e+01 -1.591957571252086343e-04 1.562500000000000000e-02 2.720337537556282554e-04 6.880290803595223899e-05 4.289620479062038219e-06 8.694525746910855128e-07 2.706617949655706254e-06 6.093721703254340879e-05
3.100000000000000000e+01 4.053585396254994269e-04 1.562500000000000000e-02 3.196969414272640632e-04 5.843156792495070285e-05 3.660632569504008776e-06 7.404548618823412980e-07 2.299704057310867423e-06 5.173077643625348810e-05
