# freq(Hz) power xerr yerr yfit comp1 comp2 comp3 comp4
3.125000000000000000e-02 2.186074619256658247e-01 1.562500000000000000e-02 3.513368180356170323e-03 2.138047983255282614e-01 1.870473129861307260e-01 2.675748533939753884e-02
6.250000000000000000e-02 2.160894604517382966e-01 1.562500000000000000e-02 3.585845124653398112e-03 2.258548917024477964e-01 1.991405859927115607e-01 2.671430570973624269e-02
9.375000000000000000e-02 2.234633872165374402e-01 1.562500000000000000e-02 3.739176634621895704e-03 2.201490867202716417e-01 1.935064381986559834e-01 2.664264852161565486e-02
1.406250000000000000e-01 1.897513913449065392e-01 1.562500000000000000e-02 2.454714285223047639e-03 1.859728641968790563e-01 1.594900472459535867e-01 2.648281695092546267e-02
1.875000000000000000e-01 1.422397414507158286e-01 1.562500000000000000e-02 3.025802827161624530e-03 1.448631142674410566e-01 1.186008666341623191e-01 2.626224763327873746e-02
2.343750000000000000e-01 1.090316287007619261e-01 1.562500000000000000e-02 2.010849433922195801e-03 1.118005767420781338e-01 8.581657669070003047e-02 2.598400005137810331e-02
2.812500000000000000e-01 8.834826537053905304e-02 1.562500000000000000e-02 2.683830198562107191e-03 8.841330463502475312e-02 6.276148034482675886e-02 2.565182429019800120e-02
3.281250000000000000e-01 7.239181153522417089e-02 1.562500000000000000e-02 1.876472778198889349e-03 7.227714342636294698e-02 4.700710383602178105e-02 2.527003959034116592e-02
4.062500000000000000e-01 5.637079785309095231e-02 1.562500000000000000e-02 1.503633945960712636e-03 5.527947580012106815e-02 3.074292876394043098e-02 2.453654703618063718e-02
4.843750000000000000e-01 4.615526835093432256e-02 1.562500000000000000e-02 1.828036659372175897e-03 4.510392191212663632e-02 2.140173808736639191e-02 2.370218382476024441e-02
5.625000000000000000e-01 3.898923263501843928e-02 1.562500000000000000e-02 1.518798744033635290e-03 3.844911083994820289e-02 1.565790715870622740e-02 2.279120368124197549e-02
6.406250000000000000e-01 3.720749908397066874e-02 1.562500000000000000e-02 1.693654931292375631e-03 3.373910946517715004e-02 1.191202810698173062e-02 2.182708135819542289e-02
7.343750000000000000e-01 2.874573373065341525e-02 1.562500000000000000e-02 1.305314788624761541e-03 2.956411134637181026e-02 8.933886352777200071e-03 2.063022499359461193e-02
8.437500000000000000e-01 2.113716343282390567e-02 1.562500000000000000e-02 1.536132037088991766e-03 2.588851434462451431e-02 6.669412589120113366e-03 1.921910175550440095e-02
9.531250000000000000e-01 2.325772552156634906e-02 1.562500000000000000e-02 1.189667369520711710e-03 2.299275270454115283e-02 5.162321696940388310e-03 1.783043100760076452e-02
1.078125000000000000e+00 2.111074507994044683e-02 1.562500000000000000e-02 1.101529075476966437e-03 2.029533625418951381e-02 3.987229625727751851e-03 1.630810662846176110e-02
1.218750000000000000e+00 1.833252361857669321e-02 1.562500000000000000e-02 1.105195793849313764e-03 1.779651997528845439e-02 3.086117689135424707e-03 1.471040228615302925e-02
1.375000000000000000e+00 1.606513926814380835e-02 1.562500000000000000e-02 1.134368233765387654e-03 1.550055629520991247e-02 2.400483762493384968e-03 1.310007253271652794e-02
1.531250000000000000e+00 1.226644317319065119e-02 1.562500000000000000e-02 1.199561726755436026e-03 1.358853710115082679e-02 1.919734116377242675e-03 1.166880298477358455e-02
1.703125000000000000e+00 1.011794113583318853e-02 1.562500000000000000e-02 1.006053717694880981e-03 1.183242976359884235e-02 1.540222291536053707e-03 1.029220747206278930e-02
1.906250000000000000e+00 9.674745446754510342e-03 1.562500000000000000e-02 1.132595296318326342e-03 1.012701900862796045e-02 1.220540703675721417e-03 8.906478304952239466e-03
2.125000000000000000e+00 6.955291130972761013e-03 1.562500000000000000e-02 9.767123984078590268e-04 8.641063500162438418e-03 9.759042388896029636e-04 7.665159261272835346e-03
2.375000000000000000e+00 7.896927592024170772e-03 1.562500000000000000e-02 8.860097932426457164e-04 7.284607375128610701e-03 7.765995507829949462e-04 6.508007824345615755e-03
2.640625000000000000e+00 7.378323719351683255e-03 1.562500000000000000e-02 9.775696929641415449e-04 6.145948182585592515e-03 6.249629342718887592e-04 5.520985248313703755e-03
2.921875000000000000e+00 5.565550755172026312e-03 1.562500000000000000e-02 7.771315223683209318e-04 5.194507695519056528e-03 5.081341532070078821e-04 4.686373542312048321e-03
3.250000000000000000e+00 4.020176194730422196e-03 1.562500000000000000e-02 7.866871800966518911e-04 4.328330626078634273e-03 4.089320703457363236e-04 3.919398555732898221e-03
3.609375000000000000e+00 5.854633841902994081e-03 1.562500000000000000e-02 7.692753688428844404e-04 3.598574522588380772e-03 3.302688292406593101e-04 3.268305693347721246e-03
4.000000000000000000e+00 2.154791769670904786e-03 1.562500000000000000e-02 7.009555667899321132e-04 2.990871952864520775e-03 2.679846595313313236e-04 2.722887293333189559e-03
4.437500000000000000e+00 2.258432108443997593e-03 1.562500000000000000e-02 6.552013138945833983e-04 2.472507871344881321e-03 2.170576762316465719e-04 2.255450195113234586e-03
4.906250000000000000e+00 2.529728763805052811e-03 1.562500000000000000e-02 6.704714928803585548e-04 2.050852403274313826e-03 1.770683962901284045e-04 1.873784006984185232e-03
5.421875000000000000e+00 1.471441588606463031e-03 1.562500000000000000e-02 5.943429843757285901e-04 1.698663466440663000e-03 1.446254121683042664e-04 1.554038054272358733e-03
6.000000000000000000e+00 2.317625537211237107e-03 1.562500000000000000e-02 5.798748928454752587e-04 1.400469676707328517e-03 1.178231158068894415e-04 1.282646560900439076e-03
6.625000000000000000e+00 1.076987794209408262e-03 1.562500000000000000e-02 5.407566036326678146e-04 1.157634927918821475e-03 9.644131245677893625e-05 1.061193615462042430e-03
7.312500000000000000e+00 7.069387328706567934e-04 1.562500000000000000e-02 5.305661540581965404e-04 9.562755693748657519e-04 7.901131854510006684e-05 8.772642508297656986e-04
8.078125000000000000e+00 8.569536302721968797e-04 1.562500000000000000e-02 4.959764527926612985e-04 7.877663393206765568e-04 6.463295897435721309e-05 7.231333803463193708e-04
8.921875000000000000e+00 9.546608588102098751e-04 1.562500000000000000e-02 4.707038487271454174e-04 6.486294553004538733e-04 5.290382089544998201e-05 5.957256344050038642e-04
9.843750000000000000e+00 8.206867587389315424e-04 1.562500000000000000e-02 4.487235134389479805e-04 5.347199967261880363e-04 4.339807221485496606e-05 4.913219245113330160e-04
1.085937500000000000e+01 1.405271535253075190e-03 1.562500000000000000e-02 4.310847007285225512e-04 4.406577526204218283e-04 3.561479631970303038e-05 4.050429563007187776e-04
1.196875000000000000e+01 7.613099066244322652e-04 1.562500000000000000e-02 4.221928083688936866e-04 3.636157928474455410e-04 2.928505130113149979e-05 3.343307415463140243e-04
1.320312500000000000e+01 1.003809244521698148e-04 1.562500000000000000e-02 3.811968392607556055e-04 2.993919990153471526e-04 2.404001651062695873e-05 2.753519825047201735e-04
1.456250000000000000e+01 2.658871351404962029e-04 1.562500000000000000e-02 3.796942981549371820e-04 2.465020801730728847e-04 1.974255909828686480e-05 2.267595210747860369e-04
1.604687500000000000e+01 2.713200034941725325e-04 1.562500000000000000e-02 3.533743941021686460e-04 2.032728517926292975e-04 1.624511510837895901e-05 1.870277366842503419e-04
1.767187500000000000e+01 3.325860602622478322e-04 1.562500000000000000e-02 3.396211904939627465e-04 1.677870225687939183e-04 1.338451849105714230e-05 1.544025040777367895e-04
1.946875000000000000e+01 -6.724303825033000682e-05 1.562500000000000000e-02 3.189241951639766115e-04 1.383659205879717057e-04 1.102009875948898789e-05 1.273458218284827161e-04
2.145312500000000000e+01 6.237363357023441301e-04 1.562500000000000000e-02 3.013558639126418404e-04 1.140348403897665109e-04 9.069877749166709469e-06 1.049649626405998082e-04
2.362500000000000000e+01 -1.377481855242992210e-04 1.562500000000000000e-02 2.909451815376863865e-04 9.408709389219426726e-05 7.474582677214687412e-06 8.661251121497958577e-05
2.601562500000000000e+01 -2.290006857025531518e-04 1.562500000000000000e-02 2.828724460899057760e-04 7.762718593158063189e-05 6.160743342246128334e-06 7.146644258933450863e-05
2.864062500000000000e+01 -3.485995893263184726e-05 1.562500000000000000e-02 2.677125629780559659e-04 6.407485844425292150e-05 5.080765068028705566e-06 5.899409337622421086e-05
3.100000000000000000e+01 1.786736423808894098e-04 1.562500000000000000e-02 3.146610034533432309e-04 5.470737451991027951e-05 4.335248921810622729e-06 5.037212559809965424e-05
