# freq(Hz) power xerr yerr yfit comp1 comp2 comp3 comp4
3.125000000000000000e-02 1.323393156835004913e-01 1.562500000000000000e-02 3.268347923862742390e-03 1.297609171691990193e-01 1.169267603514149018e-01 1.283415681778412275e-02
6.250000000000000000e-02 1.285809006293951451e-01 1.562500000000000000e-02 3.246500502098350130e-03 1.328865910446329623e-01 1.198847005220283063e-01 1.300189052260465605e-02
9.375000000000000000e-02 1.302432412720590793e-01 1.562500000000000000e-02 2.845915494592866739e-03 1.311890626946285721e-01 1.180239574050119811e-01 1.316510528961658405e-02
1.406250000000000000e-01 1.238545701033975377e-01 1.562500000000000000e-02 2.319292529503117709e-03 1.207846478416927799e-01 1.073843088040830757e-01 1.340033903760969904e-02
1.875000000000000000e-01 1.052673067173153787e-01 1.562500000000000000e-02 3.051994058494948182e-03 1.051765367365611742e-01 9.155401269502920492e-02 1.362252404153197274e-02
2.343750000000000000e-01 8.707539613269454915e-02 1.562500000000000000e-02 2.094670876540679315e-03 8.899893211252653258e-02 7.516900244318697188e-02 1.382992966933955549e-02
2.812500000000000000e-01 7.485762363976015965e-02 1.562500000000000000e-02 2.733361183062371375e-03 7.479312811850195863e-02 6.077227078173354224e-02 1.402085733676841292e-02
3.281250000000000000e-01 6.214432288983627595e-02 1.562500000000000000e-02 2.181794696898955999e-03 6.326845129372786480e-02 4.907478025453205356e-02 1.419367103919580604e-02
4.062500000000000000e-01 4.984813585534442204e-02 1.562500000000000000e-02 1.519588444607484394e-03 4.936977676444943841e-02 3.493246735950979870e-02 1.443730940493963971e-02
4.843750000000000000e-01 4.293662850218454841e-02 1.562500000000000000e-02 1.975384892823995025e-03 4.024994125679575568e-02 2.562983603546412081e-02 1.462010522133163314e-02
5.625000000000000000e-01 3.234360831260706809e-02 1.562500000000000000e-02 1.580362484373199622e-03 3.413645583878780615e-02 1.939933669986902004e-02 1.473711913891878611e-02
6.406250000000000000e-01 3.190650106921610191e-02 1.562500000000000000e-02 2.014162270435008919e-03 2.988625786218061103e-02 1.510116739327072369e-02 1.478509046890988561e-02
7.343750000000000000e-01 2.660462017035120433e-02 1.562500000000000000e-02 1.360227722149856718e-03 2.629014440773082967e-02 1.154039785159336091e-02 1.474974655613746875e-02
8.437500000000000000e-01 2.416988695796208272e-02 1.562500000000000000e-02 1.547006131918100434e-03 2.332500919089084551e-02 8.742348308408521423e-03 1.458266088248232235e-02
9.531250000000000000e-01 2.131853362648934019e-02 1.562500000000000000e-02 1.204120605086816519e-03 2.112346638723308287e-02 6.834557225534035677e-03 1.428890916169904719e-02
1.078125000000000000e+00 1.498639172717160586e-02 1.562500000000000000e-02 1.374555635704972564e-03 1.913851349562633447e-02 5.320734781424717175e-03 1.381777871420161556e-02
1.218750000000000000e+00 1.678921676424528081e-02 1.562500000000000000e-02 1.118073912420307087e-03 1.729418277965996675e-02 4.143755093942577510e-03 1.315042768571738838e-02
1.375000000000000000e+00 1.522851447180569376e-02 1.562500000000000000e-02 1.182191760023973632e-03 1.553100466554527964e-02 3.238589543765722171e-03 1.229241512177955790e-02
1.531250000000000000e+00 1.574451923804146350e-02 1.562500000000000000e-02 1.093982630872784856e-03 1.396885705752039068e-02 2.598827959534169302e-03 1.137002909798622181e-02
1.703125000000000000e+00 1.395673362203435179e-02 1.562500000000000000e-02 1.212581281950239533e-03 1.243182160656225964e-02 2.090769215762797954e-03 1.034105239079946212e-02
1.906250000000000000e+00 1.204646173591659986e-02 1.562500000000000000e-02 9.456826484316510281e-04 1.082999389170539832e-02 1.660699243633792250e-03 9.169294648071606504e-03
2.125000000000000000e+00 9.709201932001865210e-03 1.562500000000000000e-02 1.050571619257779313e-03 9.342488049728136026e-03 1.330262680280183121e-03 8.012225369447952689e-03
2.375000000000000000e+00 7.040328782859739919e-03 1.562500000000000000e-02 8.854211322739111763e-04 7.913779851110438329e-03 1.060191642118909735e-03 6.853588208991527944e-03
2.640625000000000000e+00 6.127127209738685194e-03 1.562500000000000000e-02 1.102894891123280948e-03 6.669805251512047305e-03 8.541840044110768837e-04 5.815621247100970746e-03
2.921875000000000000e+00 4.627862505993346129e-03 1.562500000000000000e-02 8.405489729016894307e-04 5.606903113896870121e-03 6.951467682054884812e-04 4.911756345691381531e-03
3.250000000000000000e+00 3.863737809912820738e-03 1.562500000000000000e-02 8.501515909185245606e-04 4.628248008742593192e-03 5.598829613574181959e-04 4.068365047385174779e-03
3.609375000000000000e+00 3.057697868187586338e-03 1.562500000000000000e-02 8.383075740429234883e-04 3.801881498501469715e-03 4.524767378128929712e-04 3.349404760688576635e-03
4.000000000000000000e+00 3.721367631938797028e-03 1.562500000000000000e-02 7.533714320517909038e-04 3.117158768282563951e-03 3.673398802350042987e-04 2.749818888047559761e-03
4.437500000000000000e+00 2.330740035254853272e-03 1.562500000000000000e-02 7.021653071066277091e-04 2.539029052429653439e-03 2.976638281183497043e-04 2.241365224311303844e-03
4.906250000000000000e+00 2.118656682044512459e-03 1.562500000000000000e-02 6.661344829489626975e-04 2.075139523152893552e-03 2.429113117519117535e-04 1.832228211400981988e-03
5.421875000000000000e+00 1.208619919695962152e-03 1.562500000000000000e-02 6.241360715549410789e-04 1.693678004473044008e-03 1.984639071764706221e-04 1.495214097296573277e-03
6.000000000000000000e+00 1.004175082123863428e-03 1.562500000000000000e-02 6.212923160645961130e-04 1.376118808868696157e-03 1.617255234414356909e-04 1.214393285427260412e-03
6.625000000000000000e+00 1.111127813664165506e-03 1.562500000000000000e-02 5.858347180053085582e-04 1.121970053508105410e-03 1.324045584139493055e-04 9.895654950941561862e-04
7.312500000000000000e+00 1.772196469663402324e-03 1.562500000000000000e-02 5.572983465915844420e-04 9.148077537981231079e-04 1.084942426686069786e-04 8.063135111295161158e-04
8.078125000000000000e+00 1.346883727043612488e-03 1.562500000000000000e-02 5.394083048700764596e-04 7.443253788467575670e-04 8.876421427218956996e-05 6.555611645745679835e-04
8.921875000000000000e+00 1.206727910393043824e-03 1.562500000000000000e-02 5.021368686865567473e-04 6.058185415035880015e-04 7.266535880430165532e-05 5.331531826992863326e-04
9.843750000000000000e+00 3.388969747924972528e-04 1.562500000000000000e-02 4.707808760766994823e-04 4.941441267866109044e-04 5.961542367959241757e-05 4.345287031070185139e-04
1.085937500000000000e+01 2.038322458687294707e-03 1.562500000000000000e-02 4.747645199693878828e-04 4.032362303917340785e-04 4.892824313481835939e-05 3.543079872569156988e-04
1.196875000000000000e+01 2.076241992179821204e-04 1.562500000000000000e-02 4.329436991795184591e-04 3.297612916524269569e-04 4.023556201123354155e-05 2.895257296411933882e-04
1.320312500000000000e+01 3.573477475475366687e-04 1.562500000000000000e-02 4.196211797186450354e-04 2.692629785260518922e-04 3.303157327692655650e-05 2.362314052491253492e-04
1.456250000000000000e+01 5.922605354889991149e-05 1.562500000000000000e-02 3.940392331097697137e-04 2.200098021281417812e-04 2.712840134314619498e-05 1.928814007849955761e-04
1.604687500000000000e+01 -1.369694300106261153e-04 1.562500000000000000e-02 3.736628262796908560e-04 1.801748370389427017e-04 2.232369656770525251e-05 1.578511404712374560e-04
1.767187500000000000e+01 7.446769193609695118e-04 1.562500000000000000e-02 3.660012266780362264e-04 1.477881392182795795e-04 1.839355143331391620e-05 1.293945877849656532e-04
1.946875000000000000e+01 3.262283880871935334e-04 1.562500000000000000e-02 3.470486986790819578e-04 1.211721607369091322e-04 1.514486585025178143e-05 1.060272948866573491e-04
2.145312500000000000e+01 7.069961751946087034e-04 1.562500000000000000e-02 3.228583518404932410e-04 9.933857139451986455e-05 1.246511731859927308e-05 8.687345407592058808e-05
2.362500000000000000e+01 -1.330970315114541073e-04 1.562500000000000000e-02 3.095089259826267359e-04 8.157041238497633935e-05 1.027294460770240553e-05 7.129746777727393890e-05
2.601562500000000000e+01 -2.602618288320684287e-04 1.562500000000000000e-02 2.944587032953931605e-04 6.700750976227411735e-05 8.467448944390820270e-06 5.854006081788329369e-05
2.864062500000000000e+01 3.815331537731431660e-05 1.562500000000000000e-02 2.834721523167455870e-04 5.509058550643632660e-05 6.983267288055454868e-06 4.810731821838087088e-05
3.100000000000000000e+01 -2.670089208754212757e-04 1.562500000000000000e-02 3.302099667095835674e-04 4.689593079009189746e-05 5.958692837727172250e-06 4.093723795236472605e-05
