# Modulation_Angle(rad) G_real_span dG_span G_null_real_cpf G_null_real Fit_full_real frac_rms d_frac_rms frac_rms_model frac_rms_null frac_rms_null_cpf G_im_span G_null_imag G_null_imag_cpf Fit_full_imag phase_lag d_phase_lag phase_lag_model phase_lag_null phase_lag_null_cpf
-1.492256510455151730e+00 1.443921821860051802e+00 5.502605160036614512e-02 1.533520987431196581e+00 1.522968207919934924e+00 1.512787957659009530e+00 1.111321919389449242e+00 4.234697310982753204e-02 1.159804606403611604e+00 1.165371582500044800e+00 1.165368780700709594e+00 2.012484506496803327e-02 0.000000000000000000e+00 0.000000000000000000e+00 -1.220524406610337155e-03 2.218098754751584092e-03 6.064606463545119987e-03 -1.284069253356890576e-04 0.000000000000000000e+00 0.000000000000000000e+00
-1.335176877775662074e+00 1.518454203271989211e+00 5.524845163115572194e-02 1.533520987431196581e+00 1.526650127432405357e+00 1.510572736206249322e+00 1.157478986311320845e+00 4.210297674247177879e-02 1.156381716838622786e+00 1.165371582500044800e+00 1.165368780700709594e+00 -3.551053092429218294e-02 0.000000000000000000e+00 0.000000000000000000e+00 2.454145873060156746e-05 -3.721315102175909873e-03 5.789216864145458989e-03 2.585704331674128760e-06 0.000000000000000000e+00 0.000000000000000000e+00
-1.178097245096172418e+00 1.573110973978925520e+00 5.520858906870567545e-02 1.533520987431196581e+00 1.531004975494787868e+00 1.510604210374388634e+00 1.204012887250688779e+00 4.225034891719103847e-02 1.153856755585208838e+00 1.165371582500044800e+00 1.165368780700709594e+00 2.341981846273080356e-02 0.000000000000000000e+00 0.000000000000000000e+00 1.267205035100591468e-03 2.369257219599452385e-03 5.584950085445536047e-03 1.335107479204253680e-04 0.000000000000000000e+00 0.000000000000000000e+00
-1.021017612416682763e+00 1.628451807493688674e+00 5.525937432794115339e-02 1.533520987431196581e+00 1.535606469236725946e+00 1.512879299252556597e+00 1.239891387947853030e+00 4.206514550661504676e-02 1.152474715608970968e+00 1.165371582500044578e+00 1.165368780700709594e+00 3.357735703775856922e-02 0.000000000000000000e+00 0.000000000000000000e+00 2.385825753498290944e-03 3.281181046376363021e-03 5.399566368743248350e-03 2.509887255604187155e-04 0.000000000000000000e+00 0.000000000000000000e+00
-8.639379797371931069e-01 1.476204096348310957e+00 5.533624393655451473e-02 1.533520987431196581e+00 1.540004182390266152e+00 1.517175301289881872e+00 1.123000371995534818e+00 4.205426327513077378e-02 1.152362602056352214e+00 1.165371582500044578e+00 1.165368780700709594e+00 6.596308700588196516e-02 0.000000000000000000e+00 0.000000000000000000e+00 3.270905224118098378e-03 7.106993165818560956e-03 5.960054907578993082e-03 3.431244417261998785e-04 0.000000000000000000e+00 0.000000000000000000e+00
-7.068583470577034511e-01 1.484527918633183230e+00 5.552459068114640878e-02 1.533520987431196581e+00 1.543767636151271327e+00 1.523071693874945343e+00 1.124509409468072541e+00 4.205147742799156957e-02 1.153520247781393282e+00 1.165371582500044578e+00 1.165368780700709594e+00 -2.828782259675432023e-02 0.000000000000000000e+00 0.000000000000000000e+00 3.835805701664462500e-03 -3.032345806959434696e-03 5.951662512230976310e-03 4.008256143896694553e-04 0.000000000000000000e+00 0.000000000000000000e+00
-5.497787143782137953e-01 1.551192970775454150e+00 5.546267261824260747e-02 1.533520987431196581e+00 1.546528437444089965e+00 1.529991297018937324e+00 1.172691501506178291e+00 4.192714434030594267e-02 1.155824607587567776e+00 1.165371582500044578e+00 1.165368780700709594e+00 -1.612353797964261731e-02 0.000000000000000000e+00 0.000000000000000000e+00 4.025230791502082926e-03 -1.654241869124787635e-03 5.690253798988512655e-03 4.187173487479068919e-04 0.000000000000000000e+00 0.000000000000000000e+00
-3.926990816987241395e-01 1.392921330536389668e+00 5.561674627958529404e-02 1.533520987431196581e+00 1.548016339802546604e+00 1.537256771754414331e+00 1.049321025836939869e+00 4.189733125548016079e-02 1.159045459698474945e+00 1.165371582500044578e+00 1.165368780700709594e+00 -2.994534740599908741e-03 0.000000000000000000e+00 0.000000000000000000e+00 3.820638246035447556e-03 -3.421544788983996188e-04 6.354744837357750691e-03 3.955566966901993787e-04 0.000000000000000000e+00 0.000000000000000000e+00
-2.356194490192344837e-01 1.496943605018374424e+00 5.573782686337411252e-02 1.533520987431196581e+00 1.548085696976971404e+00 1.544156922792728981e+00 1.125893902058145324e+00 4.192085139315368525e-02 1.162869629596289922e+00 1.165371582500044800e+00 1.165368780700709594e+00 -1.111218166088765932e-02 0.000000000000000000e+00 0.000000000000000000e+00 3.242055009094913821e-03 -1.181424704161737312e-03 5.925878722359946039e-03 3.341553663818511697e-04 0.000000000000000000e+00 0.000000000000000000e+00
-7.853981633974482790e-02 1.653337972105953568e+00 5.558051597957113649e-02 1.533520987431196581e+00 1.546729719803890735e+00 1.550016315274071355e+00 1.248059472384791091e+00 4.193967781051053528e-02 1.166930793743722994e+00 1.165371582500044800e+00 1.165368780700709594e+00 -4.642230450667060582e-02 0.000000000000000000e+00 0.000000000000000000e+00 2.346116839138675733e-03 -4.467567244388048406e-03 5.348228336002147990e-03 2.408979848726256541e-04 0.000000000000000000e+00 0.000000000000000000e+00
7.853981633974482790e-02 1.563679537932661345e+00 5.561303192540427431e-02 1.533520987431196581e+00 1.544081140776654371e+00 1.554261391037579765e+00 1.175544697754472567e+00 4.180867899829025791e-02 1.170842309567734052e+00 1.165371582500044800e+00 1.165368780700709594e+00 -4.138326757983914680e-03 0.000000000000000000e+00 0.000000000000000000e+00 1.220524406610337806e-03 -4.212075466679459854e-04 5.660404014777829958e-03 1.249805558236996605e-04 0.000000000000000000e+00 0.000000000000000000e+00
2.356194490192344837e-01 1.586203080437495361e+00 5.561549914972255954e-02 1.533520987431196581e+00 1.540399221264183716e+00 1.556476612490340194e+00 1.199260949423406553e+00 4.203316411042376521e-02 1.174230987994858477e+00 1.165371582500044800e+00 1.165368780700709594e+00 4.288385111510185921e-02 0.000000000000000000e+00 0.000000000000000000e+00 -2.454145873060087628e-05 4.301791372243408962e-03 5.578257046711291613e-03 -2.509446294273465505e-06 0.000000000000000000e+00 0.000000000000000000e+00
3.926990816987241395e-01 1.624368699995978327e+00 5.550437610625112012e-02 1.533520987431196581e+00 1.536044373201801205e+00 1.556445138322200883e+00 1.229194286823018345e+00 4.188350275451998422e-02 1.176769989403153804e+00 1.165371582500044578e+00 1.165368780700709594e+00 1.219339375975926204e-01 0.000000000000000000e+00 0.000000000000000000e+00 -1.267205035100591034e-03 1.192467026988682476e-02 5.423037325217123540e-03 -1.295785477552261443e-04 0.000000000000000000e+00 0.000000000000000000e+00
5.497787143782137953e-01 1.516913843548966634e+00 5.543083781206170624e-02 1.533520987431196581e+00 1.531442879459863349e+00 1.554170049444032919e+00 1.154112961562273831e+00 4.214713881404379830e-02 1.178208954532585340e+00 1.165371582500044800e+00 1.165368780700709594e+00 -5.357997762018849169e-02 0.000000000000000000e+00 0.000000000000000000e+00 -2.385825753498290944e-03 -5.619287214515020917e-03 5.812191442989358275e-03 -2.443205387246309506e-04 0.000000000000000000e+00 0.000000000000000000e+00
7.068583470577034511e-01 1.563929385565641983e+00 5.544525762426873866e-02 1.533520987431196581e+00 1.527045166306322921e+00 1.549874047406707422e+00 1.186766384086528570e+00 4.207387347846801989e-02 1.178399134291425732e+00 1.165371582500044578e+00 1.165368780700709594e+00 -2.450813169264079352e-04 0.000000000000000000e+00 0.000000000000000000e+00 -3.270905224118097511e-03 -2.494096158625748694e-05 5.642445749148343459e-03 -3.358853339085144047e-04 0.000000000000000000e+00 0.000000000000000000e+00
8.639379797371931069e-01 1.500728367830713283e+00 5.521690213990729235e-02 1.533520987431196581e+00 1.523281712545317745e+00 1.543977654821643952e+00 1.145891251543409650e+00 4.215910607260247439e-02 1.177310880329061060e+00 1.165371582500044578e+00 1.165368780700709594e+00 1.509070266579434424e-02 0.000000000000000000e+00 0.000000000000000000e+00 -3.835805701664462067e-03 1.600342226630303106e-03 5.855555768274438126e-03 -3.953983273441704174e-04 0.000000000000000000e+00 0.000000000000000000e+00
1.021017612416682763e+00 1.481911219940552416e+00 5.536516889890025911e-02 1.533520987431196581e+00 1.520520911252499330e+00 1.537058051677652193e+00 1.131749493869043111e+00 4.227505186055726533e-02 1.175040734960081323e+00 1.165371582500044800e+00 1.165368780700709594e+00 -2.855357435533085325e-02 0.000000000000000000e+00 0.000000000000000000e+00 -4.025230791502082926e-03 -3.066229729431719630e-03 5.945028921614396548e-03 -4.167922690724690346e-04 0.000000000000000000e+00 0.000000000000000000e+00
1.178097245096172418e+00 1.574162030631830689e+00 5.520105199269732810e-02 1.533520987431196581e+00 1.519033008894042469e+00 1.529792576942174964e+00 1.203613139699025503e+00 4.218360777855514193e-02 1.171805849559287793e+00 1.165371582500044578e+00 1.165368780700709594e+00 -5.246996613069549592e-02 0.000000000000000000e+00 0.000000000000000000e+00 -3.820638246035447556e-03 -5.302988961604600433e-03 5.577979729504786710e-03 -3.974866969009035848e-04 0.000000000000000000e+00 0.000000000000000000e+00
1.335176877775662074e+00 1.496190994216241688e+00 5.505773242827463609e-02 1.533520987431196581e+00 1.518963651719618113e+00 1.522892425903860314e+00 1.150912825057436084e+00 4.234828753420761399e-02 1.167924755451749341e+00 1.165371582500044800e+00 1.165368780700709594e+00 -1.975716265413197600e-02 0.000000000000000000e+00 0.000000000000000000e+00 -3.242055009094914689e-03 -2.101514687520048778e-03 5.856168378530040783e-03 -3.388212405478345274e-04 0.000000000000000000e+00 0.000000000000000000e+00
1.492256510455151730e+00 1.543364206706393515e+00 5.513554146199875494e-02 1.533520987431196581e+00 1.520319628892698560e+00 1.517033033422517940e+00 1.182871541531666626e+00 4.224046689562416940e-02 1.163785518816196518e+00 1.165371582500044578e+00 1.165368780700709594e+00 4.345696130676777319e-02 0.000000000000000000e+00 0.000000000000000000e+00 -2.346116839138675733e-03 4.480188924054675191e-03 5.683439721817146184e-03 -2.461355726002591735e-04 0.000000000000000000e+00 0.000000000000000000e+00
