-1.492256510455151730e+00 1.443921821860051802e+00 2.012484506496803327e-02 1.522964546382810980e+00 0.000000000000000000e+00 1.533520987431196581e+00 0.000000000000000000e+00 2.521116839903363507e-02 1.512797308324973500e+00 -1.274036777150809943e-03
-1.335176877775662074e+00 1.518454203271989211e+00 -3.551053092429218294e-02 1.526646457043169480e+00 0.000000000000000000e+00 1.533520987431196581e+00 0.000000000000000000e+00 2.528732017672823823e-02 1.510512467972757067e+00 -6.442729529532939265e-05
-1.178097245096172418e+00 1.573110973978925520e+00 2.341981846273080356e-02 1.531001294635577770e+00 0.000000000000000000e+00 1.533520987431196581e+00 0.000000000000000000e+00 2.524746473114972828e-02 1.510480343010025539e+00 1.151488779115019670e-03
-1.021017612416682763e+00 1.628451807493688674e+00 3.357735703775856922e-02 1.535602777314553302e+00 0.000000000000000000e+00 1.533520987431196581e+00 0.000000000000000000e+00 2.524887763786835826e-02 1.512704078051958945e+00 2.254689108931510338e-03
-8.639379797371931069e-01 1.476204096348310957e+00 6.596308700588196516e-02 1.540000479895062613e+00 0.000000000000000000e+00 1.533520987431196581e+00 0.000000000000000000e+00 2.534392212236669800e-02 1.516965998418980277e+00 3.137184759423032598e-03
-7.068583470577034511e-01 1.484527918633183230e+00 -2.828782259675432023e-02 1.543763924607930438e+00 0.000000000000000000e+00 1.533520987431196581e+00 0.000000000000000000e+00 2.542940855856723123e-02 1.522848917651019374e+00 3.712590907610727447e-03
-5.497787143782137953e-01 1.551192970775454150e+00 -1.612353797964261731e-02 1.546524719263199898e+00 0.000000000000000000e+00 1.533520987431196581e+00 0.000000000000000000e+00 2.537514580042815951e-02 1.529776974624936337e+00 3.924582790619609088e-03
-3.926990816987241395e-01 1.392921330536389668e+00 -2.994534740599908741e-03 1.548012618044425137e+00 0.000000000000000000e+00 1.533520987431196581e+00 0.000000000000000000e+00 2.550552453189389515e-02 1.537072002853512531e+00 3.752409165906467337e-03
-2.356194490192344837e-01 1.496943605018374424e+00 -1.111218166088765932e-02 1.548081975052100656e+00 0.000000000000000000e+00 1.533520987431196581e+00 0.000000000000000000e+00 2.552465297734703847e-02 1.544019914146284922e+00 3.212923587462406753e-03
-7.853981633974482790e-02 1.653337972105953568e+00 -4.642230450667060582e-02 1.546726001139075324e+00 0.000000000000000000e+00 1.533520987431196581e+00 0.000000000000000000e+00 2.538912635024653808e-02 1.549940598536972081e+00 2.358934662522580231e-03
7.853981633974482790e-02 1.563679537932661345e+00 -4.138326757983914680e-03 1.544077428479582181e+00 0.000000000000000000e+00 1.533520987431196581e+00 0.000000000000000000e+00 2.544073884005802408e-02 1.554254498185579925e+00 1.274036777150810811e-03
2.356194490192344837e-01 1.586203080437495361e+00 4.288385111510185921e-02 1.540395517819223459e+00 0.000000000000000000e+00 1.533520987431196581e+00 0.000000000000000000e+00 2.543279460236177320e-02 1.556539338537796358e+00 6.442729529533009738e-05
3.926990816987241395e-01 1.624368699995978327e+00 1.219339375975926204e-01 1.536040680226815169e+00 0.000000000000000000e+00 1.533520987431196581e+00 0.000000000000000000e+00 2.536372240071493867e-02 1.556571463500527885e+00 -1.151488779115019019e-03
5.497787143782137953e-01 1.516913843548966634e+00 -5.357997762018849169e-02 1.531439197547839859e+00 0.000000000000000000e+00 1.533520987431196581e+00 0.000000000000000000e+00 2.537309587774385852e-02 1.554347728458594480e+00 -2.254689108931509905e-03
7.068583470577034511e-01 1.563929385565641983e+00 -2.450813169264079352e-04 1.527041494967330326e+00 0.000000000000000000e+00 1.533520987431196581e+00 0.000000000000000000e+00 2.536204540490916495e-02 1.550085808091573369e+00 -3.137184759423032598e-03
8.639379797371931069e-01 1.500728367830713283e+00 1.509070266579434424e-02 1.523278050254462501e+00 0.000000000000000000e+00 1.533520987431196581e+00 0.000000000000000000e+00 2.527941374984101972e-02 1.544202888859534051e+00 -3.712590907610727447e-03
1.021017612416682763e+00 1.481911219940552416e+00 -2.855357435533085325e-02 1.520517255599193263e+00 0.000000000000000000e+00 1.533520987431196581e+00 0.000000000000000000e+00 2.535578179964922615e-02 1.537274831885617310e+00 -3.924582790619609088e-03
1.178097245096172418e+00 1.574162030631830689e+00 -5.246996613069549592e-02 1.519029356817967802e+00 0.000000000000000000e+00 1.533520987431196581e+00 0.000000000000000000e+00 2.524323812615312038e-02 1.529979803657040893e+00 -3.752409165906467337e-03
1.335176877775662074e+00 1.496190994216241688e+00 -1.975716265413197600e-02 1.518959999810292727e+00 0.000000000000000000e+00 1.533520987431196581e+00 0.000000000000000000e+00 2.520660176466095817e-02 1.523031892364268503e+00 -3.212923587462406753e-03
1.492256510455151730e+00 1.543364206706393515e+00 4.345696130676777319e-02 1.520315973723317837e+00 0.000000000000000000e+00 1.533520987431196581e+00 0.000000000000000000e+00 2.522475800140511898e-02 1.517111207973581344e+00 -2.358934662522580231e-03
