-1.492256510455151730e+00 2.582689417458094550e+00 8.136926009836249751e-02 2.713196894181674867e+00 0.000000000000000000e+00 2.732003440357761992e+00 0.000000000000000000e+00 3.709327080051601916e-02 2.710391665801006322e+00 1.481774737355879938e-02
-1.335176877775662074e+00 2.660847153568591139e+00 -7.489942561798934584e-02 2.719756303980193302e+00 0.000000000000000000e+00 2.732003440357761992e+00 0.000000000000000000e+00 3.734081004511648899e-02 2.709023688288550336e+00 3.056183716065224987e-03
-1.178097245096172418e+00 2.673312472006078355e+00 7.751538495613928548e-02 2.727514548818164464e+00 0.000000000000000000e+00 2.732003440357761992e+00 0.000000000000000000e+00 3.718888712213902492e-02 2.709906012264281294e+00 -9.004540497240859712e-03
-1.021017612416682763e+00 2.788893485141704875e+00 1.446757619372538994e-01 2.735712197635978171e+00 0.000000000000000000e+00 2.732003440357761992e+00 0.000000000000000000e+00 3.723840005885284410e-02 2.712952269709942410e+00 -2.018383754835427479e-02
-8.639379797371931069e-01 2.718937696423282091e+00 -2.760102240106871233e-02 2.743546807450968128e+00 0.000000000000000000e+00 2.732003440357761992e+00 0.000000000000000000e+00 3.727197685767363183e-02 2.717864271722227887e+00 -2.938739995116939133e-02
-7.068583470577034511e-01 2.582482367584244543e+00 -3.820220932259697777e-02 2.750251472067508196e+00 0.000000000000000000e+00 2.732003440357761992e+00 0.000000000000000000e+00 3.745694228708159462e-02 2.724161197320245975e+00 -3.571431889270878374e-02
-5.497787143782137953e-01 2.897746926808564716e+00 -1.025732486765029844e-01 2.755169892198785053e+00 0.000000000000000000e+00 2.732003440357761992e+00 0.000000000000000000e+00 3.729208238796273556e-02 2.731226659553200875e+00 -3.854527146473821220e-02
-3.926990816987241395e-01 2.734668275741728660e+00 -1.319148361216182508e-01 2.757820618613700869e+00 0.000000000000000000e+00 2.732003440357761992e+00 0.000000000000000000e+00 3.742712149513009734e-02 2.738369041749761923e+00 -3.760314430510105360e-02
-2.356194490192344837e-01 2.781674732688126817e+00 -6.406811560960352925e-02 2.757944179742068069e+00 0.000000000000000000e+00 2.732003440357761992e+00 0.000000000000000000e+00 3.753987188744061648e-02 2.744889197776626322e+00 -3.298015938436848343e-02
-7.853981633974482790e-02 2.719167021036922538e+00 3.345211154524479862e-03 2.755528480559739979e+00 0.000000000000000000e+00 2.732003440357761992e+00 0.000000000000000000e+00 3.751862090190639931e-02 2.750148889333286828e+00 -2.512884667681176964e-02
7.853981633974482790e-02 2.733291889437055922e+00 -3.349162422152465041e-02 2.750809986533849116e+00 0.000000000000000000e+00 2.732003440357761992e+00 0.000000000000000000e+00 3.754444072605244570e-02 2.753633261163750845e+00 -1.481774737355880459e-02
2.356194490192344837e-01 2.797598228547489185e+00 1.575874089007501255e-01 2.744250576735330682e+00 0.000000000000000000e+00 2.732003440357761992e+00 0.000000000000000000e+00 3.740247017489060910e-02 2.755001238676206832e+00 -3.056183716065230625e-03
3.926990816987241395e-01 2.745797147446169983e+00 4.744611038521575480e-02 2.736492331897359076e+00 0.000000000000000000e+00 2.732003440357761992e+00 0.000000000000000000e+00 3.750712861475380411e-02 2.754118914700475873e+00 9.004540497240854507e-03
5.497787143782137953e-01 2.619808524652607939e+00 -3.937840096953581365e-02 2.728294683079545813e+00 0.000000000000000000e+00 2.732003440357761992e+00 0.000000000000000000e+00 3.747812991383839276e-02 2.751072657254814757e+00 2.018383754835426439e-02
7.068583470577034511e-01 2.758840869280359875e+00 3.567893918907432543e-02 2.720460073264555412e+00 0.000000000000000000e+00 2.732003440357761992e+00 0.000000000000000000e+00 3.737147041768597300e-02 2.746160655242529280e+00 2.938739995116939133e-02
8.639379797371931069e-01 2.754578928034733476e+00 6.744773150100256964e-02 2.713755408648015788e+00 0.000000000000000000e+00 2.732003440357761992e+00 0.000000000000000000e+00 3.705796376696827987e-02 2.739863729644511636e+00 3.571431889270878374e-02
1.021017612416682763e+00 2.711077355926678756e+00 1.079052888603124483e-01 2.708836988516738931e+00 0.000000000000000000e+00 2.732003440357761992e+00 0.000000000000000000e+00 3.724750128087703227e-02 2.732798267411556736e+00 3.854527146473821220e-02
1.178097245096172418e+00 2.875291404835642606e+00 -2.935141742534131543e-02 2.706186262101823115e+00 0.000000000000000000e+00 2.732003440357761992e+00 0.000000000000000000e+00 3.702511896023842619e-02 2.725655885214995244e+00 3.760314430510105360e-02
1.335176877775662074e+00 2.721867107437782263e+00 -7.130686904169880602e-02 2.706062700973456359e+00 0.000000000000000000e+00 2.732003440357761992e+00 0.000000000000000000e+00 3.711184195973932926e-02 2.719135729188130846e+00 3.298015938436848343e-02
1.492256510455151730e+00 2.781678265592774313e+00 2.647525739563217836e-02 2.708478400155784005e+00 0.000000000000000000e+00 2.732003440357761992e+00 0.000000000000000000e+00 3.719680920628984366e-02 2.713876037631470339e+00 2.512884667681176964e-02
