-1.492256510455151730e+00 8.243825776198296040e+00 3.254297327715898747e-01 8.142384452838365760e+00 0.000000000000000000e+00 8.180734733006822523e+00 0.000000000000000000e+00 1.038624923498657343e-01 8.015331925428691662e+00 -6.583670474260010230e-02
-1.335176877775662074e+00 7.996017263605709857e+00 1.210122179324101682e-01 8.165219842296147945e+00 0.000000000000000000e+00 8.180734733006822523e+00 0.000000000000000000e+00 1.049691055455653915e-01 8.035428131678813202e+00 -2.832036838638103682e-02
-1.178097245096172418e+00 8.003202538417585998e+00 4.022270430865417246e-01 8.189573937355293154e+00 0.000000000000000000e+00 8.180734733006822523e+00 0.000000000000000000e+00 1.053889124786981657e-01 8.069747960518496299e+00 1.196816294710622078e-02
-1.021017612416682763e+00 7.718528322464966784e+00 2.123422346069376021e-01 8.213062789506450301e+00 0.000000000000000000e+00 8.180734733006822523e+00 0.000000000000000000e+00 1.056171958013250173e-01 8.114931947980604576e+00 5.108516710423621071e-02
-8.639379797371931069e-01 8.288305640774211724e+00 2.196305947017341276e-01 8.233387146244611543e+00 0.000000000000000000e+00 8.180734733006822523e+00 0.000000000000000000e+00 1.047521809942666970e-01 8.166557170556989931e+00 8.520159917391509352e-02
-7.068583470577034511e-01 8.220933835906885534e+00 1.467729518694450286e-01 8.248557517924121285e+00 0.000000000000000000e+00 8.180734733006822523e+00 0.000000000000000000e+00 1.047651393588284185e-01 8.219570191767806122e+00 1.109779050820032531e-01
-5.497787143782137953e-01 8.331757131545220574e+00 4.975410983595483783e-02 8.257088922866799408e+00 0.000000000000000000e+00 8.180734733006822523e+00 0.000000000000000000e+00 1.053905680777127568e-01 8.268781727733495401e+00 1.258909204121333447e-01
-3.926990816987241395e-01 8.686395135884868779e+00 2.493356902578282575e-01 8.258146247715059118e+00 0.000000000000000000e+00 8.180734733006822523e+00 0.000000000000000000e+00 1.052052341588693291e-01 8.309374610436806918e+00 1.284808553187047342e-01
-2.356194490192344837e-01 8.249974005660410725e+00 8.999924608367683154e-01 8.251625994145937781e+00 0.000000000000000000e+00 8.180734733006822523e+00 0.000000000000000000e+00 1.050988452162576192e-01 8.337375325691494865e+00 1.184941889279246124e-01
-7.853981633974482790e-02 8.294683516519137711e+00 4.237513927323257046e-01 8.238166410008062712e+00 0.000000000000000000e+00 8.180734733006822523e+00 0.000000000000000000e+00 1.051284602274301511e-01 8.350042968395973375e+00 9.690848572731874944e-02
7.853981633974482790e-02 8.276862435894658532e+00 2.566284381120124136e-01 8.219085013175281063e+00 0.000000000000000000e+00 8.180734733006822523e+00 0.000000000000000000e+00 1.046915983555780361e-01 8.346137541421674300e+00 6.583670474260013006e-02
2.356194490192344837e-01 8.172760479556549384e+00 9.643003962405133356e-02 8.196249623717495325e+00 0.000000000000000000e+00 8.180734733006822523e+00 0.000000000000000000e+00 1.057478807967279499e-01 8.326041335171552760e+00 2.832036838638105070e-02
3.926990816987241395e-01 8.096985386123346728e+00 2.664982482698209920e-01 8.171895528658351893e+00 0.000000000000000000e+00 8.180734733006822523e+00 0.000000000000000000e+00 1.044313136980841855e-01 8.291721506331869662e+00 -1.196816294710619823e-02
5.497787143782137953e-01 8.299203880990360105e+00 2.151017155952092696e-01 8.148406676507194746e+00 0.000000000000000000e+00 8.180734733006822523e+00 0.000000000000000000e+00 1.053637997642428437e-01 8.246537518869763161e+00 -5.108516710423618989e-02
7.068583470577034511e-01 8.409849929452082762e+00 -1.945298809790893882e-02 8.128082319769033504e+00 0.000000000000000000e+00 8.180734733006822523e+00 0.000000000000000000e+00 1.046058209486992879e-01 8.194912296293376031e+00 -8.520159917391507964e-02
8.639379797371931069e-01 8.401609878771136408e+00 3.317880133773524198e-01 8.112911948089523761e+00 0.000000000000000000e+00 8.180734733006822523e+00 0.000000000000000000e+00 1.035090089643704858e-01 8.141899275082559839e+00 -1.109779050820032253e-01
1.021017612416682763e+00 8.073086413603343559e+00 -2.877028580021825377e-01 8.104380543146845639e+00 0.000000000000000000e+00 8.180734733006822523e+00 0.000000000000000000e+00 1.042578960314259895e-01 8.092687739116870560e+00 -1.258909204121333447e-01
1.178097245096172418e+00 7.828094183134527206e+00 -1.141873718426208995e-02 8.103323218298585928e+00 0.000000000000000000e+00 8.180734733006822523e+00 0.000000000000000000e+00 1.053178497066879354e-01 8.052094856413559043e+00 -1.284808553187047342e-01
1.335176877775662074e+00 7.667290978965624504e+00 1.889512731027525316e-01 8.109843471867707265e+00 0.000000000000000000e+00 8.180734733006822523e+00 0.000000000000000000e+00 1.050043068811635366e-01 8.024094141158872873e+00 -1.184941889279246124e-01
1.492256510455151730e+00 8.355327927350051809e+00 3.187930717674483660e-01 8.123303056005584111e+00 0.000000000000000000e+00 8.180734733006822523e+00 0.000000000000000000e+00 1.033456597048809933e-01 8.011426498454392586e+00 -9.690848572731874944e-02
