-1.492256510455151730e+00 2.484479174039180727e+00 3.657556963963531221e-02 2.448586542591508763e+00 0.000000000000000000e+00 2.460119279772981393e+00 0.000000000000000000e+00 3.070592788670041540e-02 2.411214859302439173e+00 2.821593133820971683e-02
-1.335176877775662074e+00 2.484743965778735131e+00 2.301148502128862461e-01 2.455453625280250129e+00 0.000000000000000000e+00 2.460119279772981393e+00 0.000000000000000000e+00 3.063983208107557560e-02 2.425981641531649302e+00 3.362133138587541231e-02
-1.178097245096172418e+00 2.349885734487682676e+00 4.101777981641273330e-02 2.462777414738266391e+00 0.000000000000000000e+00 2.460119279772981393e+00 0.000000000000000000e+00 3.092144242458412864e-02 2.444090053643747762e+00 3.573564126390143397e-02
-1.021017612416682763e+00 2.308303448837362826e+00 -7.185384920718224100e-02 2.469841007425565671e+00 0.000000000000000000e+00 2.460119279772981393e+00 0.000000000000000000e+00 3.084224217788558708e-02 2.463767518092476294e+00 3.435189759016346600e-02
-8.639379797371931069e-01 2.507208592258617141e+00 -2.790355388123367739e-02 2.475952969674970916e+00 0.000000000000000000e+00 2.460119279772981393e+00 0.000000000000000000e+00 3.084729469732814741e-02 2.483087867556637462e+00 2.960555083655606184e-02
-7.068583470577034511e-01 2.516914042978477539e+00 2.217875727221714846e-02 2.480515020036963669e+00 0.000000000000000000e+00 2.460119279772981393e+00 0.000000000000000000e+00 3.081947568628951376e-02 2.500159891617888874e+00 2.196120649306468678e-02
-5.497787143782137953e-01 2.533371818547920817e+00 -5.360496428802410951e-02 2.483080593236441036e+00 0.000000000000000000e+00 2.460119279772981393e+00 0.000000000000000000e+00 3.072757104197411035e-02 2.513312461613328441e+00 1.216714624530915168e-02
-3.926990816987241395e-01 2.662019928724586482e+00 4.356949139146400890e-02 2.483398553093235872e+00 0.000000000000000000e+00 2.460119279772981393e+00 0.000000000000000000e+00 3.093146832744906455e-02 2.521258112352459335e+00 1.182080949570074764e-03
-2.356194490192344837e-01 2.497369859070114106e+00 1.799631573465165779e-01 2.481437775481210029e+00 0.000000000000000000e+00 2.460119279772981393e+00 0.000000000000000000e+00 3.093943423614218050e-02 2.523219068180332147e+00 -9.918694665555187820e-03
-7.853981633974482790e-02 2.517110105772244033e+00 3.917670568822491373e-02 2.477390194974569582e+00 0.000000000000000000e+00 2.460119279772981393e+00 0.000000000000000000e+00 3.086712107702538690e-02 2.519003377077730921e+00 -2.004855933920655225e-02
7.853981633974482790e-02 2.478684830912274872e+00 1.431860337503601359e-02 2.471652016954455355e+00 0.000000000000000000e+00 2.460119279772981393e+00 0.000000000000000000e+00 3.094266468291265518e-02 2.509023700262225987e+00 -2.821593133820971683e-02
2.356194490192344837e-01 2.502448481122425239e+00 -4.589215753822723648e-02 2.464784934265713101e+00 0.000000000000000000e+00 2.460119279772981393e+00 0.000000000000000000e+00 3.081303375834126487e-02 2.494256918033015857e+00 -3.362133138587541231e-02
3.926990816987241395e-01 2.411673461852684053e+00 -2.019888242282590896e-01 2.457461144807696840e+00 0.000000000000000000e+00 2.460119279772981393e+00 0.000000000000000000e+00 3.068379170599999997e-02 2.476148505920917398e+00 -3.573564126390143397e-02
5.497787143782137953e-01 2.392356397474048713e+00 6.271219682041478949e-02 2.450397552120398004e+00 0.000000000000000000e+00 2.460119279772981393e+00 0.000000000000000000e+00 3.085907467611342589e-02 2.456471041472188421e+00 -3.435189759016346600e-02
7.068583470577034511e-01 2.512786016805840017e+00 -2.400008931629163053e-02 2.444285589870992759e+00 0.000000000000000000e+00 2.460119279772981393e+00 0.000000000000000000e+00 3.074510999219036422e-02 2.437150692008027253e+00 -2.960555083655606184e-02
8.639379797371931069e-01 2.441688920089109871e+00 -2.392546003619066414e-02 2.439723539508999561e+00 0.000000000000000000e+00 2.460119279772981393e+00 0.000000000000000000e+00 3.065477977746956448e-02 2.420078667946776285e+00 -2.196120649306469025e-02
1.021017612416682763e+00 2.398715890023148667e+00 -1.084694954541699265e-02 2.437157966309523083e+00 0.000000000000000000e+00 2.460119279772981393e+00 0.000000000000000000e+00 3.052682042485159453e-02 2.406926097951336274e+00 -1.216714624530915861e-02
1.178097245096172418e+00 2.376859462727015870e+00 2.698444468561795109e-02 2.436840006452727803e+00 0.000000000000000000e+00 2.460119279772981393e+00 0.000000000000000000e+00 3.071552725382413127e-02 2.398980447212205380e+00 -1.182080949570080185e-03
1.335176877775662074e+00 2.414169045625161214e+00 4.007576733805842673e-02 2.438800784064753646e+00 0.000000000000000000e+00 2.460119279772981393e+00 0.000000000000000000e+00 3.062750524372531008e-02 2.397019491384332568e+00 9.918694665555182616e-03
1.492256510455151730e+00 2.411596418516497309e+00 2.952065472409639776e-02 2.442848364571394093e+00 0.000000000000000000e+00 2.460119279772981393e+00 0.000000000000000000e+00 3.057153653120247422e-02 2.401235182486933795e+00 2.004855933920654532e-02
