# Modulation_Angle(rad) G_real_span dG_span G_null_real_cpf G_null_real Fit_full_real frac_rms d_frac_rms frac_rms_model frac_rms_null frac_rms_null_cpf G_im_span G_null_imag G_null_imag_cpf Fit_full_imag phase_lag d_phase_lag phase_lag_model phase_lag_null phase_lag_null_cpf
-1.492256510455151730e+00 1.024290935590189244e+00 7.050681434894787158e-02 1.019657562539243223e+00 1.015270355060331919e+00 1.003498075793757272e+00 7.654066423247375406e-01 5.256234843635272658e-02 7.503676747874730157e-01 7.568152338190168305e-01 7.565224116423334699e-01 -7.046435393290423344e-02 0.000000000000000000e+00 0.000000000000000000e+00 1.604598188158027489e-02 -1.093157088506628918e-02 1.092955967661285964e-02 2.544678236247354883e-03 0.000000000000000000e+00 0.000000000000000000e+00
-1.335176877775662074e+00 1.020987696175730708e+00 7.023132231769102507e-02 1.019657562539243223e+00 1.018117689781141033e+00 1.013310319794245462e+00 7.745286259784459615e-01 5.246848368416430486e-02 7.556095974337153631e-01 7.568152338190167194e-01 7.565224116423334699e-01 1.800380706080776383e-01 0.000000000000000000e+00 0.000000000000000000e+00 1.941219666000261815e-02 2.777934898835213509e-02 1.078154926078044723e-02 3.048591457522421225e-03 0.000000000000000000e+00 0.000000000000000000e+00
-1.178097245096172418e+00 9.619554185302635618e-01 7.084681105249271416e-02 1.019657562539243223e+00 1.021154391238937142e+00 1.023782509400954277e+00 7.105524708046215832e-01 5.233033362759563489e-02 7.609284653447071500e-01 7.568152338190167194e-01 7.565224116423334699e-01 -5.843122876782544210e-03 0.000000000000000000e+00 0.000000000000000000e+00 2.087821037661674248e-02 -9.667292620413802870e-04 1.172134587196443575e-02 3.245230141194659686e-03 0.000000000000000000e+00 0.000000000000000000e+00
-1.021017612416682763e+00 9.640155776856673686e-01 7.062090233581505561e-02 1.019657562539243223e+00 1.024083205937087682e+00 1.033889553731142996e+00 7.222085424845583468e-01 5.239332114467658980e-02 7.657952277499442406e-01 7.568152338190167194e-01 7.565224116423334699e-01 -1.353010875185591544e-01 0.000000000000000000e+00 0.000000000000000000e+00 2.030051939452227200e-02 -2.219268049096825499e-02 1.154605014292625804e-02 3.124620883626935339e-03 0.000000000000000000e+00 0.000000000000000000e+00
-8.639379797371931069e-01 1.065476758185309514e+00 7.083186234433495876e-02 1.019657562539243223e+00 1.026617441086686178e+00 1.042642104865854957e+00 7.905372838620920994e-01 5.225161412214139600e-02 7.697437448824839823e-01 7.568152338190169415e-01 7.565224116423334699e-01 -1.148225318863901750e-01 0.000000000000000000e+00 0.000000000000000000e+00 1.773567213205635637e-02 -1.708560779008235983e-02 1.051955782710410278e-02 2.707014871939954475e-03 0.000000000000000000e+00 0.000000000000000000e+00
-7.068583470577034511e-01 1.071531857692786804e+00 7.076641949733387948e-02 1.019657562539243223e+00 1.028509028094234390e+00 1.049183402117414010e+00 7.897439385151409086e-01 5.214676307307132552e-02 7.724119263191292495e-01 7.568152338190167194e-01 7.565224116423334699e-01 2.070749149641427922e-02 0.000000000000000000e+00 0.000000000000000000e+00 1.343473370961085003e-02 3.075307026665131255e-03 1.050899501036449066e-02 2.037858606529009773e-03 0.000000000000000000e+00 0.000000000000000000e+00
-5.497787143782137953e-01 1.112501777575974238e+00 7.064912637032910725e-02 1.019657562539243223e+00 1.029572805243972988e+00 1.052873137734940512e+00 8.228659343973196982e-01 5.212594786812875525e-02 7.735677433401136893e-01 7.568152338190167194e-01 7.565224116423334699e-01 -7.859908197615383951e-02 0.000000000000000000e+00 0.000000000000000000e+00 7.818709946374759884e-03 -1.122576256228536781e-02 1.008196100940712131e-02 1.181874072194245883e-03 0.000000000000000000e+00 0.000000000000000000e+00
-3.926990816987241395e-01 1.050114584981829635e+00 7.117300461607606321e-02 1.019657562539243223e+00 1.029704642616713572e+00 1.053350134688290973e+00 7.701517963281558909e-01 5.208597337131588151e-02 7.731212315965810822e-01 7.568152338190167194e-01 7.565224116423334699e-01 6.895042423396365028e-02 0.000000000000000000e+00 0.000000000000000000e+00 1.437336377432042863e-03 1.043511965428868711e-02 1.076377431997257821e-02 2.171728467490899664e-04 0.000000000000000000e+00 0.000000000000000000e+00
-2.356194490192344837e-01 1.064737367206350038e+00 7.099866518755257316e-02 1.019657562539243223e+00 1.028891635051847775e+00 1.050567701192238079e+00 7.819215053717220032e-01 5.213492628727058043e-02 7.711250504891690172e-01 7.568152338190168305e-01 7.565224116423334699e-01 1.482291058753926714e-02 0.000000000000000000e+00 0.000000000000000000e+00 -5.084733690645129763e-03 2.215557724450556779e-03 1.061171891212545418e-02 -7.703017913454386504e-04 0.000000000000000000e+00 0.000000000000000000e+00
-7.853981633974482790e-02 1.084192226503342571e+00 7.089105953245175562e-02 1.019657562539243223e+00 1.027213365394381128e+00 1.044798201223729794e+00 7.952774978141653461e-01 5.199802743867271843e-02 7.677662213664186996e-01 7.568152338190166084e-01 7.565224116423334699e-01 -9.594218954932565158e-03 0.000000000000000000e+00 0.000000000000000000e+00 -1.110907459765915484e-02 -1.408354974662283507e-03 1.040610745386207764e-02 -1.692190423153298526e-03 0.000000000000000000e+00 0.000000000000000000e+00
7.853981633974482790e-02 1.021316503757008665e+00 7.096711554860324345e-02 1.019657562539243223e+00 1.024834114371578897e+00 1.036606393638153323e+00 7.516751251375139997e-01 5.221890730445712808e-02 7.633507991874223242e-01 7.568152338190168305e-01 7.565224116423334699e-01 -2.183203913002478361e-02 0.000000000000000000e+00 0.000000000000000000e+00 -1.604598188158027142e-02 -3.401636835726905631e-03 1.105650159547504931e-02 -2.463416593285997110e-03 0.000000000000000000e+00 0.000000000000000000e+00
2.356194490192344837e-01 9.858527978700314387e-01 7.068523659656232583e-02 1.019657562539243223e+00 1.021986779650769339e+00 1.026794149637665132e+00 7.304187015871702604e-01 5.225989857754820278e-02 7.582820088824470117e-01 7.568152338190167194e-01 7.565224116423334699e-01 -6.423630989380699208e-02 0.000000000000000000e+00 0.000000000000000000e+00 -1.941219666000262162e-02 -1.035559745427365279e-02 1.138719636562493011e-02 -3.008567046190654785e-03 0.000000000000000000e+00 0.000000000000000000e+00
3.926990816987241395e-01 9.312994495678299511e-01 7.034951916054917043e-02 1.019657562539243223e+00 1.018950078192973452e+00 1.016321960030956317e+00 7.162055523820174407e-01 5.238058762802248747e-02 7.530313520465027333e-01 7.568152338190169415e-01 7.565224116423334699e-01 -2.406795889372094210e-01 0.000000000000000000e+00 0.000000000000000000e+00 -2.087821037661674248e-02 -4.025041345152485794e-02 1.163999555062270042e-02 -3.269045837724834317e-03 0.000000000000000000e+00 0.000000000000000000e+00
5.497787143782137953e-01 1.023034901234332494e+00 7.059524744717099454e-02 1.019657562539243223e+00 1.016021263494822913e+00 1.006214915700767376e+00 7.592753255184745420e-01 5.227556783114448158e-02 7.481018768353049353e-01 7.568152338190168305e-01 7.565224116423334699e-01 6.899917871511990208e-02 0.000000000000000000e+00 0.000000000000000000e+00 -2.030051939452227200e-02 1.071806473808446097e-02 1.095770499005880964e-02 -3.210536534105335425e-03 0.000000000000000000e+00 0.000000000000000000e+00
7.068583470577034511e-01 1.001453424558630179e+00 7.056125761764713011e-02 1.019657562539243223e+00 1.013487028345224417e+00 9.974623645660556370e-01 7.439687634080950351e-01 5.241285768700743725e-02 7.439836310588370250e-01 7.568152338190167194e-01 7.565224116423334699e-01 1.556050445209774570e-02 0.000000000000000000e+00 0.000000000000000000e+00 -1.773567213205635984e-02 2.472737990799981581e-03 1.121252099919617558e-02 -2.829602972205651993e-03 0.000000000000000000e+00 0.000000000000000000e+00
8.639379797371931069e-01 1.018107553393099218e+00 7.033826615123106585e-02 1.019657562539243223e+00 1.011595441337675982e+00 9.909210673144963621e-01 7.653587646263556588e-01 5.263958372227474369e-02 7.411034554176327838e-01 7.568152338190167194e-01 7.565224116423334699e-01 -9.671149336705378574e-02 0.000000000000000000e+00 0.000000000000000000e+00 -1.343473370961085350e-02 -1.507312755464404810e-02 1.094630432015725706e-02 -2.157662555500190846e-03 0.000000000000000000e+00 0.000000000000000000e+00
1.021017612416682763e+00 9.972572122896478097e-01 7.004556024710148487e-02 1.019657562539243223e+00 1.010531664187937606e+00 9.872313316969698604e-01 7.502828869968334313e-01 5.267697223550742852e-02 7.397743496789190853e-01 7.568152338190167194e-01 7.565224116423334699e-01 -2.853107277435945263e-02 0.000000000000000000e+00 0.000000000000000000e+00 -7.818709946374763353e-03 -4.552108431598750685e-03 1.117418598197471649e-02 -1.260454647303303234e-03 0.000000000000000000e+00 0.000000000000000000e+00
1.178097245096172418e+00 1.009720631272689406e+00 7.033345431202137066e-02 1.019657562539243223e+00 1.010399826815197022e+00 9.867543347436195100e-01 7.583595522221315832e-01 5.257544519348403972e-02 7.401525468157993393e-01 7.568152338190168305e-01 7.565224116423334699e-01 -9.840957620351192814e-02 0.000000000000000000e+00 0.000000000000000000e+00 -1.437336377432045682e-03 -1.546275188269322781e-02 1.103387168168621334e-02 -2.318297670535429081e-04 0.000000000000000000e+00 0.000000000000000000e+00
1.335176877775662074e+00 1.051711498834023484e+00 7.014735852857985343e-02 1.019657562539243223e+00 1.011212834380062819e+00 9.895367682396725151e-01 7.905826590686185762e-01 5.272302629828899689e-02 7.422115331196662558e-01 7.568152338190167194e-01 7.565224116423334699e-01 -1.772259014982043371e-02 0.000000000000000000e+00 0.000000000000000000e+00 5.084733690645125426e-03 -2.681696349354998829e-03 1.061385568464432924e-02 8.178103175556729245e-04 0.000000000000000000e+00 0.000000000000000000e+00
1.492256510455151730e+00 9.335930779259093981e-01 7.022293228006720733e-02 1.019657562539243223e+00 1.012891104037529466e+00 9.953062682081807999e-01 7.030235263881203789e-01 5.281530568208595705e-02 7.457402515183211289e-01 7.568152338190168305e-01 7.565224116423334699e-01 4.621216113310869927e-02 0.000000000000000000e+00 0.000000000000000000e+00 1.110907459765915310e-02 7.871626231892740744e-03 1.195666525329455547e-02 1.776328328842253536e-03 0.000000000000000000e+00 0.000000000000000000e+00
