-1.492256510455151730e+00 2.272060770313326206e+00 1.408250786821023566e-02 2.164616071130632147e+00 0.000000000000000000e+00 2.172827084483919702e+00 0.000000000000000000e+00 6.646332657218070872e-02 2.221058952449970203e+00 -4.110110079017840340e-02
-1.335176877775662074e+00 2.177423165956376305e+00 -9.136349844582850044e-02 2.170195856963455849e+00 0.000000000000000000e+00 2.172827084483919702e+00 0.000000000000000000e+00 6.583005061647721756e-02 2.221128600040473522e+00 -5.303916412592512425e-02
-1.178097245096172418e+00 2.176606975385471987e+00 1.666535257876133047e-01 2.176033205678823190e+00 0.000000000000000000e+00 2.172827084483919702e+00 0.000000000000000000e+00 6.591037549587659694e-02 2.216470158753988340e+00 -5.978538453144006948e-02
-1.021017612416682763e+00 2.097623556017608415e+00 4.897384529445843182e-02 2.181556716913273242e+00 0.000000000000000000e+00 2.172827084483919702e+00 0.000000000000000000e+00 6.673293063232707545e-02 2.207539629280906190e+00 -6.067939494974997766e-02
-8.639379797371931069e-01 2.325783776552375226e+00 -1.459713303682423635e-01 2.186225710902612640e+00 0.000000000000000000e+00 2.172827084483919702e+00 0.000000000000000000e+00 6.612521240168950376e-02 2.195211194068708682e+00 -5.563368341217383994e-02
-7.068583470577034511e-01 2.220533800926612233e+00 2.866936075469302472e-02 2.189583153984370867e+00 0.000000000000000000e+00 2.172827084483919702e+00 0.000000000000000000e+00 6.599948470147508350e-02 2.180691646253224647e+00 -4.514215931954906891e-02
-5.497787143782137953e-01 2.233015320836751805e+00 2.845032953056484959e-01 2.191300396237023662e+00 0.000000000000000000e+00 2.172827084483919702e+00 0.000000000000000000e+00 6.613566999221827392e-02 2.165402260338272988e+00 -3.023180614880841693e-02
-3.926990816987241395e-01 2.190315714992480345e+00 2.066011851852428416e-01 2.191209342024151407e+00 0.000000000000000000e+00 2.172827084483919702e+00 0.000000000000000000e+00 6.587544300310038681e-02 2.150839667944623113e+00 -1.236215315484322057e-02
-2.356194490192344837e-01 1.949585828644716967e+00 3.435338156214271660e-02 2.189318904366521767e+00 0.000000000000000000e+00 2.172827084483919702e+00 0.000000000000000000e+00 6.651383981988077954e-02 2.138429357079314030e+00 6.717593522103746523e-03
-7.853981633974482790e-02 2.056048835039557154e+00 1.733862725832807303e-02 2.185814132473517635e+00 0.000000000000000000e+00 2.172827084483919702e+00 0.000000000000000000e+00 6.678598068520097408e-02 2.129386135437562722e+00 2.513977534088097932e-02
7.853981633974482790e-02 2.286039567739722500e+00 4.287444420343183293e-01 2.181038097837207257e+00 0.000000000000000000e+00 2.172827084483919702e+00 0.000000000000000000e+00 6.644917562319853366e-02 2.124595216561492972e+00 4.110110079017840340e-02
2.356194490192344837e-01 2.036654458047554961e+00 1.929433901927438966e-01 2.175458312004383110e+00 0.000000000000000000e+00 2.172827084483919702e+00 0.000000000000000000e+00 6.637340626648267905e-02 2.124525568970989209e+00 5.303916412592512425e-02
3.926990816987241395e-01 2.175048344887867913e+00 -3.107856962791767652e-02 2.169620963289016213e+00 0.000000000000000000e+00 2.172827084483919702e+00 0.000000000000000000e+00 6.606197029605297144e-02 2.129184010257474391e+00 5.978538453144006948e-02
5.497787143782137953e-01 2.222869411046911825e+00 1.322073589438305663e-01 2.164097452054566162e+00 0.000000000000000000e+00 2.172827084483919702e+00 0.000000000000000000e+00 6.549611465284170542e-02 2.138114539730556540e+00 6.067939494974997766e-02
7.068583470577034511e-01 2.053335080535489965e+00 3.229284539797308007e-01 2.159428458065226764e+00 0.000000000000000000e+00 2.172827084483919702e+00 0.000000000000000000e+00 6.614550636417818041e-02 2.150442974942754049e+00 5.563368341217383994e-02
8.639379797371931069e-01 2.220130401256005914e+00 8.070353049632755793e-02 2.156071014983468981e+00 0.000000000000000000e+00 2.172827084483919702e+00 0.000000000000000000e+00 6.642968709238875058e-02 2.164962522758238084e+00 4.514215931954906891e-02
1.021017612416682763e+00 2.142796686877730394e+00 1.263385863839173451e-01 2.154353772730815741e+00 0.000000000000000000e+00 2.172827084483919702e+00 0.000000000000000000e+00 6.559949966015771183e-02 2.180251908673189742e+00 3.023180614880842734e-02
1.178097245096172418e+00 2.056332714610970669e+00 3.618391048274180455e-02 2.154444826943687996e+00 0.000000000000000000e+00 2.172827084483919702e+00 0.000000000000000000e+00 6.615026526110794058e-02 2.194814501066839618e+00 1.236215315484322924e-02
1.335176877775662074e+00 2.471564259170803801e+00 2.014516214181680531e-01 2.156335264601317636e+00 0.000000000000000000e+00 2.172827084483919702e+00 0.000000000000000000e+00 6.490724825085673888e-02 2.207224811932148700e+00 -6.717593522103735247e-03
1.492256510455151730e+00 2.092773021276296941e+00 3.556514768746359967e-01 2.159840036494321769e+00 0.000000000000000000e+00 2.172827084483919702e+00 0.000000000000000000e+00 6.634396800561054297e-02 2.216268033573900009e+00 -2.513977534088096544e-02
