-1.492256510455151730e+00 3.861881104267134823e+00 1.234034426752476377e-01 4.139088646890479062e+00 0.000000000000000000e+00 4.157751460275802557e+00 0.000000000000000000e+00 8.835648686577300681e-02 4.173112283231326103e+00 3.345130406617233959e-02
-1.335176877775662074e+00 4.119266150923639458e+00 -2.017716487188882246e-01 4.149729455228406749e+00 0.000000000000000000e+00 4.157751460275802557e+00 0.000000000000000000e+00 8.819624288595820372e-02 4.184230986203135494e+00 2.028059014499951004e-02
-1.178097245096172418e+00 4.249763652704333872e+00 9.767815613241863371e-02 4.161155513312969845e+00 0.000000000000000000e+00 4.157751460275802557e+00 0.000000000000000000e+00 8.752172962269952339e-02 4.193154145382868236e+00 5.124670757253774883e-03
-1.021017612416682763e+00 4.327753250127183371e+00 -2.560382974906958223e-02 4.172248358968823290e+00 0.000000000000000000e+00 4.157751460275802557e+00 0.000000000000000000e+00 8.696127142968784751e-02 4.199008299778705045e+00 -1.053288710989267775e-02
-8.639379797371931069e-01 4.330302229433256933e+00 4.472295483065079347e-02 4.181922147174771176e+00 0.000000000000000000e+00 4.157751460275802557e+00 0.000000000000000000e+00 8.702992062762880676e-02 4.201220403970089556e+00 -2.515941259978307643e-02
-7.068583470577034511e-01 3.997791999222833681e+00 2.219621353755589499e-01 4.189229940139970410e+00 0.000000000000000000e+00 4.157751460275802557e+00 0.000000000000000000e+00 8.839749095510529564e-02 4.199573921786133646e+00 -3.732315948847150094e-02
-5.497787143782137953e-01 4.035552886339981882e+00 -6.666667755644316296e-02 4.193456400172598464e+00 0.000000000000000000e+00 4.157751460275802557e+00 0.000000000000000000e+00 8.827675336433188358e-02 4.194230022374717315e+00 -4.583345548068515352e-02
-3.926990816987241395e-01 4.482043033332422155e+00 -1.569146245082360946e-01 4.194187811917184483e+00 0.000000000000000000e+00 4.157751460275802557e+00 0.000000000000000000e+00 8.729959464101599842e-02 4.185711803843369161e+00 -4.985725350998735511e-02
-2.356194490192344837e-01 4.205435058004659332e+00 -2.318992464249860011e-02 4.191352579696122405e+00 0.000000000000000000e+00 4.157751460275802557e+00 0.000000000000000000e+00 8.770463509999809615e-02 4.174853088771853571e+00 -4.900067618982064527e-02
-7.853981633974482790e-02 4.111351267280845434e+00 -1.671800106064369740e-01 4.185228235793434060e+00 0.000000000000000000e+00 4.157751460275802557e+00 0.000000000000000000e+00 8.899414829018048589e-02 4.162716803848486968e+00 -4.334757127640804369e-02
7.853981633974482790e-02 4.191122817314065330e+00 -2.146933650054530518e-02 4.176414273661127829e+00 0.000000000000000000e+00 4.157751460275802557e+00 0.000000000000000000e+00 8.703425616402947484e-02 4.150490933200039478e+00 -3.345130406617234653e-02
2.356194490192344837e-01 4.056739132257699332e+00 2.739890895464238141e-01 4.165773465323199254e+00 0.000000000000000000e+00 4.157751460275802557e+00 0.000000000000000000e+00 8.830910817356776854e-02 4.139372230228230087e+00 -2.028059014499951698e-02
3.926990816987241395e-01 4.020579492832993651e+00 -5.632536168319229875e-02 4.154347407238637047e+00 0.000000000000000000e+00 4.157751460275802557e+00 0.000000000000000000e+00 8.742809659689756985e-02 4.130449071048498233e+00 -5.124670757253777485e-03
5.497787143782137953e-01 4.246452379655305975e+00 -6.044450683563300231e-02 4.143254561582783602e+00 0.000000000000000000e+00 4.157751460275802557e+00 0.000000000000000000e+00 8.794314391446528267e-02 4.124594916652660537e+00 1.053288710989266734e-02
7.068583470577034511e-01 4.024960394711862399e+00 7.137917085559145058e-02 4.133580773376835715e+00 0.000000000000000000e+00 4.157751460275802557e+00 0.000000000000000000e+00 8.777653909231419860e-02 4.122382812461276025e+00 2.515941259978307296e-02
8.639379797371931069e-01 3.966248985639215352e+00 7.622536386418270193e-02 4.126272980411636482e+00 0.000000000000000000e+00 4.157751460275802557e+00 0.000000000000000000e+00 8.739124024424936577e-02 4.124029294645231936e+00 3.732315948847150094e-02
1.021017612416682763e+00 4.341445255893221500e+00 4.658127328120861138e-02 4.122046520379008427e+00 0.000000000000000000e+00 4.157751460275802557e+00 0.000000000000000000e+00 8.776174022805746655e-02 4.129373194056648266e+00 4.583345548068515352e-02
1.178097245096172418e+00 4.095919475277763233e+00 1.367371700588725369e-01 4.121315108634422408e+00 0.000000000000000000e+00 4.157751460275802557e+00 0.000000000000000000e+00 8.787648857016026882e-02 4.137891412587996420e+00 4.985725350998736205e-02
1.335176877775662074e+00 4.588536661141750628e+00 4.854734461948759239e-02 4.124150340855484487e+00 0.000000000000000000e+00 4.157751460275802557e+00 0.000000000000000000e+00 8.694649435626443379e-02 4.148750127659512899e+00 4.900067618982063833e-02
1.492256510455151730e+00 3.982886933831179643e+00 8.479883110301351945e-02 4.130274684758172832e+00 0.000000000000000000e+00 4.157751460275802557e+00 0.000000000000000000e+00 8.777027333081460769e-02 4.160886412582878613e+00 4.334757127640803676e-02
