-1.492256510455151730e+00 1.199568426986108216e+00 -9.963794356313468437e-02 1.085139612786937935e+00 0.000000000000000000e+00 1.089255860453029134e+00 0.000000000000000000e+00 4.153726834840255205e-02 1.112427638431669363e+00 7.648670199274814306e-03
-1.335176877775662074e+00 1.086362013148582051e+00 -3.599640925647006745e-02 1.087936804731882701e+00 0.000000000000000000e+00 1.089255860453029134e+00 0.000000000000000000e+00 4.151924133380165138e-02 1.119207049961066902e+00 8.559945080214797705e-03
-1.178097245096172418e+00 1.088853828234379151e+00 3.320293811257091655e-03 1.090863115041214915e+00 0.000000000000000000e+00 1.089255860453029134e+00 0.000000000000000000e+00 4.139132813797828658e-02 1.123054630383841124e+00 8.633312896059031419e-03
-1.021017612416682763e+00 1.072671873030486944e+00 6.840673763965120224e-02 1.093632096073054338e+00 0.000000000000000000e+00 1.089255860453029134e+00 0.000000000000000000e+00 4.173974280285871336e-02 1.123593751720541434e+00 7.861591893809055653e-03
-8.639379797371931069e-01 1.117516902366215259e+00 1.375633485883069954e-02 1.095972700671379307e+00 0.000000000000000000e+00 1.089255860453029134e+00 0.000000000000000000e+00 4.153887904248691754e-02 1.120771641018452724e+00 6.320323502061487089e-03
-7.068583470577034511e-01 1.033850438610147249e+00 6.901234491969823748e-02 1.097655814150154452e+00 0.000000000000000000e+00 1.089255860453029134e+00 0.000000000000000000e+00 4.183400584616064205e-02 1.114864546135896584e+00 4.160377809648910241e-03
-5.497787143782137953e-01 1.196230803509293894e+00 9.778221728310274030e-02 1.098516681635136161e+00 0.000000000000000000e+00 1.089255860453029134e+00 0.000000000000000000e+00 4.177092598285872538e-02 1.106450694677128199e+00 1.593185350171220363e-03
-3.926990816987241395e-01 1.153493497513551347e+00 8.280530542846168546e-03 1.098471035418877806e+00 0.000000000000000000e+00 1.089255860453029134e+00 0.000000000000000000e+00 4.136129314985336619e-02 1.096353693045681421e+00 -1.129959191756280167e-03
-2.356194490192344837e-01 1.159660895214453591e+00 -8.126206709985886456e-02 1.097523343671062968e+00 0.000000000000000000e+00 1.089255860453029134e+00 0.000000000000000000e+00 4.172677882466359345e-02 1.085561906111189856e+00 -3.742495455106050264e-03
-7.853981633974482790e-02 9.394722181700854158e-01 -1.992575615014261781e-01 1.095766373062924126e+00 0.000000000000000000e+00 1.089255860453029134e+00 0.000000000000000000e+00 4.166874590878730938e-02 1.075131709169601990e+00 -5.988690187810930508e-03
7.853981633974482790e-02 1.029060115566554190e+00 1.394744190529019212e-01 1.093372108119120334e+00 0.000000000000000000e+00 1.089255860453029134e+00 0.000000000000000000e+00 4.183784491635561542e-02 1.066084082569016322e+00 -7.648670199274815173e-03
2.356194490192344837e-01 1.120823985922357879e+00 6.264545008962117689e-02 1.090574916174175346e+00 0.000000000000000000e+00 1.089255860453029134e+00 0.000000000000000000e+00 4.143285957419672039e-02 1.059304671039618784e+00 -8.559945080214797705e-03
3.926990816987241395e-01 1.141026145943977887e+00 -2.175904998215939801e-01 1.087648605864843132e+00 0.000000000000000000e+00 1.089255860453029134e+00 0.000000000000000000e+00 4.141109345443986373e-02 1.055457090616844562e+00 -8.633312896059033154e-03
5.497787143782137953e-01 1.031734070498648181e+00 1.638194076532225318e-01 1.084879624833003930e+00 0.000000000000000000e+00 1.089255860453029134e+00 0.000000000000000000e+00 4.149924418986668251e-02 1.054917969280144252e+00 -7.861591893809055653e-03
7.068583470577034511e-01 9.609427770024880910e-01 1.496194811808379023e-02 1.082539020234678961e+00 0.000000000000000000e+00 1.089255860453029134e+00 0.000000000000000000e+00 4.159827975273500122e-02 1.057740079982232961e+00 -6.320323502061488824e-03
8.639379797371931069e-01 9.940363607585689376e-01 4.266735612234829472e-02 1.080855906755904039e+00 0.000000000000000000e+00 1.089255860453029134e+00 0.000000000000000000e+00 4.190792551088043383e-02 1.063647174864789102e+00 -4.160377809648911109e-03
1.021017612416682763e+00 1.206494454720533183e+00 -1.854793144743818040e-02 1.079995039270922108e+00 0.000000000000000000e+00 1.089255860453029134e+00 0.000000000000000000e+00 4.130803710775983462e-02 1.072061026323557487e+00 -1.593185350171221013e-03
1.178097245096172418e+00 1.002946637346996184e+00 -3.286207953668911913e-02 1.080040685487180463e+00 0.000000000000000000e+00 1.089255860453029134e+00 0.000000000000000000e+00 4.151914857868706232e-02 1.082158027955004265e+00 1.129959191756277999e-03
1.335176877775662074e+00 1.122857640072176366e+00 3.216386879905978879e-02 1.080988377234995301e+00 0.000000000000000000e+00 1.089255860453029134e+00 0.000000000000000000e+00 4.120147860179435018e-02 1.092949814889495830e+00 3.742495455106048530e-03
1.492256510455151730e+00 1.127514124375210480e+00 6.940646967615536622e-02 1.082745347843134143e+00 0.000000000000000000e+00 1.089255860453029134e+00 0.000000000000000000e+00 4.141901652074160556e-02 1.103380011831083696e+00 5.988690187810928774e-03
