-1.492256510455151730e+00 1.268787634234858741e+00 5.441641413234038667e-03 1.181496766017256617e+00 0.000000000000000000e+00 1.186824038646730362e+00 0.000000000000000000e+00 2.603204300249506095e-02 1.173275821542826280e+00 -1.245372606394459791e-02
-1.335176877775662074e+00 1.093892781046217788e+00 1.289563404244914793e-02 1.184534169105619261e+00 0.000000000000000000e+00 1.186824038646730362e+00 0.000000000000000000e+00 2.621738750759147404e-02 1.177255580335399676e+00 -1.644933999618406611e-02
-1.178097245096172418e+00 1.134814973049000697e+00 -2.360995113959829875e-02 1.187795720579125192e+00 0.000000000000000000e+00 1.186824038646730362e+00 0.000000000000000000e+00 2.613719295706758497e-02 1.182284309430235991e+00 -1.883477792030611303e-02
-1.021017612416682763e+00 1.226113025085545649e+00 -6.201774600903996182e-02 1.190962157054981985e+00 0.000000000000000000e+00 1.186824038646730362e+00 0.000000000000000000e+00 2.614078731058281854e-02 1.187869761786316314e+00 -1.937653655197434793e-02
-8.639379797371931069e-01 1.163808398692331325e+00 1.355101719067221822e-01 1.193723525669073027e+00 0.000000000000000000e+00 1.186824038646730362e+00 0.000000000000000000e+00 2.625426725608146286e-02 1.193465194410893160e+00 -1.802158478166674890e-02
-7.068583470577034511e-01 1.178914951525612098e+00 8.731490029679378484e-03 1.195809524421864278e+00 0.000000000000000000e+00 1.186824038646730362e+00 0.000000000000000000e+00 2.619305236312684596e-02 1.198522887373001167e+00 -1.490255472916512253e-02
-5.497787143782137953e-01 1.150336645493018839e+00 -2.884016934508948013e-02 1.197015961221424618e+00 0.000000000000000000e+00 1.186824038646730362e+00 0.000000000000000000e+00 2.622299511091248994e-02 1.202547758446490089e+00 -1.032475878756854495e-02
-3.926990816987241395e-01 1.253523751112442408e+00 -6.344185569407786995e-02 1.197224741628073907e+00 0.000000000000000000e+00 1.186824038646730362e+00 0.000000000000000000e+00 2.623109882520921476e-02 1.205145825207761368e+00 -4.736303519020303165e-03
-2.356194490192344837e-01 1.164791062234728836e+00 5.745908624824298816e-02 1.196415428760950528e+00 0.000000000000000000e+00 1.186824038646730362e+00 0.000000000000000000e+00 2.622319996608306683e-02 1.206062770780426119e+00 1.315774137736690349e-03
-7.853981633974482790e-02 1.271755156945382881e+00 -4.311780693423307442e-02 1.194667243802302714e+00 0.000000000000000000e+00 1.186824038646730362e+00 0.000000000000000000e+00 2.627133996572632649e-02 1.205208838143096317e+00 7.239054654354536676e-03
7.853981633974482790e-02 1.231717210222971648e+00 -4.194604628422898135e-02 1.192151311276203884e+00 0.000000000000000000e+00 1.186824038646730362e+00 0.000000000000000000e+00 2.606044254242730063e-02 1.202667616172012677e+00 1.245372606394459444e-02
2.356194490192344837e-01 1.238130331050530719e+00 3.907352983601607849e-02 1.189113908187841240e+00 0.000000000000000000e+00 1.186824038646730362e+00 0.000000000000000000e+00 2.617994517766953147e-02 1.198687857379439059e+00 1.644933999618406611e-02
3.926990816987241395e-01 1.172630395741419029e+00 8.711054227154561846e-02 1.185852356714335532e+00 0.000000000000000000e+00 1.186824038646730362e+00 0.000000000000000000e+00 2.610107524771752494e-02 1.193659128284602744e+00 1.883477792030611303e-02
5.497787143782137953e-01 1.191386972414725243e+00 3.598850300943969710e-02 1.182685920238478738e+00 0.000000000000000000e+00 1.186824038646730362e+00 0.000000000000000000e+00 2.616056543816479632e-02 1.188073675928522643e+00 1.937653655197435140e-02
7.068583470577034511e-01 1.160553836646459169e+00 1.822706328018034241e-02 1.179924551624387696e+00 0.000000000000000000e+00 1.186824038646730362e+00 0.000000000000000000e+00 2.611369991124808804e-02 1.182478243303945797e+00 1.802158478166675237e-02
8.639379797371931069e-01 1.066375276394960103e+00 5.336837475401852438e-02 1.177838552871596445e+00 0.000000000000000000e+00 1.186824038646730362e+00 0.000000000000000000e+00 2.610492000914473726e-02 1.177420550341837790e+00 1.490255472916512426e-02
1.021017612416682763e+00 1.204777921676535302e+00 4.210114944769360185e-02 1.176632116072036105e+00 0.000000000000000000e+00 1.186824038646730362e+00 0.000000000000000000e+00 2.602432336050088113e-02 1.173395679268348868e+00 1.032475878756854842e-02
1.178097245096172418e+00 1.081433884733785655e+00 5.638463698517384715e-02 1.176423335665386816e+00 0.000000000000000000e+00 1.186824038646730362e+00 0.000000000000000000e+00 2.617074704966824983e-02 1.170797612507077590e+00 4.736303519020306635e-03
1.335176877775662074e+00 1.299306380496396462e+00 -1.247504659409386374e-01 1.177232648532510195e+00 0.000000000000000000e+00 1.186824038646730362e+00 0.000000000000000000e+00 2.595449615482520178e-02 1.169880666934412838e+00 -1.315774137736687530e-03
1.492256510455151730e+00 1.206383788414544522e+00 -2.317479185603129807e-02 1.178980833491158009e+00 0.000000000000000000e+00 1.186824038646730362e+00 0.000000000000000000e+00 2.607031550089351779e-02 1.170734599571742640e+00 -7.239054654354534074e-03
