# Modulation_Angle(rad) G_real_span dG_span G_null_real_cpf G_null_real Fit_full_real frac_rms d_frac_rms frac_rms_model frac_rms_null frac_rms_null_cpf G_im_span G_null_imag G_null_imag_cpf Fit_full_imag phase_lag d_phase_lag phase_lag_model phase_lag_null phase_lag_null_cpf
-1.492256510455151730e+00 1.124058179421731030e+00 9.704854260171835723e-02 1.065136834357869766e+00 1.061111734238445292e+00 1.089411487592677252e+00 1.186741753900766083e+00 1.018012290003536408e-01 1.150391901355946489e+00 1.121772224315219946e+00 1.121772221292471450e+00 -1.281326063527090386e-01 0.000000000000000000e+00 0.000000000000000000e+00 2.337371449171055104e-02 -1.806427102755571446e-02 1.365264915890967816e-02 3.414202604854824942e-03 0.000000000000000000e+00 0.000000000000000000e+00
-1.335176877775662074e+00 1.027903173469775666e+00 9.677932770219835334e-02 1.065136834357869766e+00 1.063846988910491786e+00 1.092849961827427663e+00 1.093186259772322977e+00 1.025093314157138058e-01 1.152044191726550926e+00 1.121772224315219946e+00 1.121772221292471450e+00 -9.275884092707699369e-02 0.000000000000000000e+00 0.000000000000000000e+00 2.462714151985258282e-02 -1.432347842772372336e-02 1.492414184866726508e-02 3.585915888116764007e-03 0.000000000000000000e+00 0.000000000000000000e+00
-1.178097245096172418e+00 1.051573769070683895e+00 9.660972703015476004e-02 1.065136834357869766e+00 1.066708502922758317e+00 1.093575682337694088e+00 1.111616629096420006e+00 1.019954398302329451e-01 1.150704199300423891e+00 1.121772224315219724e+00 1.121772221292471450e+00 5.321567498560372811e-02 0.000000000000000000e+00 0.000000000000000000e+00 2.346989234864691257e-02 8.047289752716331110e-03 1.460312665078485929e-02 3.415196678643122718e-03 0.000000000000000000e+00 0.000000000000000000e+00
-1.021017612416682763e+00 1.067148296964582022e+00 9.722858708370415992e-02 1.065136834357869766e+00 1.069416171346384115e+00 1.091517610543539130e+00 1.119014005757800190e+00 1.017012837763588001e-01 1.146525802882730760e+00 1.121772224315219946e+00 1.121772221292471450e+00 7.529289828922879069e-02 0.000000000000000000e+00 0.000000000000000000e+00 2.001524659000024353e-02 1.121063661767322632e-02 1.446475374616753955e-02 2.918110006197795550e-03 0.000000000000000000e+00 0.000000000000000000e+00
-8.639379797371931069e-01 1.120257250303481555e+00 9.689055736450032097e-02 1.065136834357869766e+00 1.071704948730628937e+00 1.086877204851604439e+00 1.176443971659255405e+00 1.017105284648935765e-01 1.139948435191592280e+00 1.121772224315219724e+00 1.121772221292471450e+00 3.126117837900180968e-02 0.000000000000000000e+00 0.000000000000000000e+00 1.460136904070125086e-02 4.440123205896220893e-03 1.375988466908931868e-02 2.137997061495203882e-03 0.000000000000000000e+00 0.000000000000000000e+00
-7.068583470577034511e-01 9.857605748855194916e-01 9.754457141595196390e-02 1.065136834357869766e+00 1.073350793598273567e+00 1.080108700502623753e+00 1.038207946355048872e+00 1.020299278764166123e-01 1.131642986778761406e+00 1.121772224315219946e+00 1.121772221292471450e+00 1.160410621257351588e-01 0.000000000000000000e+00 0.000000000000000000e+00 7.758207755978238813e-03 1.864946031720347147e-02 1.564095846294743034e-02 1.143158905377840429e-03 0.000000000000000000e+00 0.000000000000000000e+00
-5.497787143782137953e-01 1.146105153017171974e+00 9.765267735907492974e-02 1.065136834357869766e+00 1.074192599186397201e+00 1.071874645861218722e+00 1.202461101946519451e+00 1.019218633268275248e-01 1.122436419004261055e+00 1.121772224315219946e+00 1.121772221292471450e+00 1.173161718765769468e-01 0.000000000000000000e+00 0.000000000000000000e+00 1.556190414881586544e-04 1.623467455475544052e-02 1.349013979025379464e-02 2.310675004178614476e-05 0.000000000000000000e+00 0.000000000000000000e+00
-3.926990816987241395e-01 1.152988173358659552e+00 9.667808298612953766e-02 1.065136834357869766e+00 1.074147963698829811e+00 1.062981047565721537e+00 1.220983599037338996e+00 1.023658775211403471e-01 1.113225682199248334e+00 1.121772224315219724e+00 1.121772221292471450e+00 1.881130125047255144e-02 0.000000000000000000e+00 0.000000000000000000e+00 -7.462202749044401402e-03 2.596423835146865339e-03 1.334336957865295097e-02 -1.117260695789293714e-03 0.000000000000000000e+00 0.000000000000000000e+00
-2.356194490192344837e-01 1.153852861716106792e+00 9.737445062620055103e-02 1.065136834357869766e+00 1.073221256368088738e+00 1.054298472982638790e+00 1.218210093775859759e+00 1.016240148271814470e-01 1.104891153324330855e+00 1.121772224315219946e+00 1.121772221292471450e+00 -1.764651558431084011e-01 0.000000000000000000e+00 0.000000000000000000e+00 -1.434957214227673174e-02 -2.415330420356298288e-02 1.327682669781413138e-02 -2.166051065552761137e-03 0.000000000000000000e+00 0.000000000000000000e+00
-7.853981633974482790e-02 8.992529129333814986e-01 9.694679348476580028e-02 1.065136834357869766e+00 1.071503189764456021e+00 1.046676833007216700e+00 9.811245106487651579e-01 1.016663761133683175e-01 1.098217893636574738e+00 1.121772224315219724e+00 1.121772221292471450e+00 -2.581691729089954368e-01 0.000000000000000000e+00 0.000000000000000000e+00 -1.983230543487498124e-02 -4.449555379312841036e-02 1.649200089189793716e-02 -3.015287703371493169e-03 0.000000000000000000e+00 0.000000000000000000e+00
7.853981633974482790e-02 9.483108496929540943e-01 9.754417364509168631e-02 1.065136834357869766e+00 1.069161940217569606e+00 1.040862186863337868e+00 1.001721049382614748e+00 1.019845062408606673e-01 1.093830145469711468e+00 1.121772224315219946e+00 1.121772221292471450e+00 1.366573454780680708e-01 0.000000000000000000e+00 0.000000000000000000e+00 -2.337371449171055104e-02 2.277838027653373426e-02 1.620345134708209983e-02 -3.573400134517763695e-03 0.000000000000000000e+00 0.000000000000000000e+00
2.356194490192344837e-01 1.124963739077222247e+00 9.668294772090929579e-02 1.065136834357869766e+00 1.066426685545522890e+00 1.037423712628587458e+00 1.184490045830959737e+00 1.017159568712576734e-01 1.092141503638595745e+00 1.121772224315219946e+00 1.121772221292471450e+00 4.541995570088803308e-02 0.000000000000000000e+00 0.000000000000000000e+00 -2.462714151985258282e-02 6.422328238091168894e-03 1.366714510127086182e-02 -3.777429851218520266e-03 0.000000000000000000e+00 0.000000000000000000e+00
3.926990816987241395e-01 1.088857363853259042e+00 9.674087158058421176e-02 1.065136834357869766e+00 1.063565171533256359e+00 1.036697992118321032e+00 1.176890423527051865e+00 1.022458530199233939e-01 1.093321178026792406e+00 1.121772224315219946e+00 1.121772221292471450e+00 -2.330870379642335233e-01 0.000000000000000000e+00 0.000000000000000000e+00 -2.346989234864691604e-02 -3.356307024817644508e-02 1.382705865682843337e-02 -3.602506659138195958e-03 0.000000000000000000e+00 0.000000000000000000e+00
5.497787143782137953e-01 9.944937292057423051e-01 9.663564339006795734e-02 1.065136834357869766e+00 1.060857503109630784e+00 1.038756063912475991e+00 1.065649659869503996e+00 1.022714472457905283e-01 1.097276511991170489e+00 1.121772224315219724e+00 1.121772221292471450e+00 1.577384811314326007e-01 0.000000000000000000e+00 0.000000000000000000e+00 -2.001524659000024353e-02 2.503530500181345986e-02 1.527425661480790765e-02 -3.066293806610428507e-03 0.000000000000000000e+00 0.000000000000000000e+00
7.068583470577034511e-01 9.768580793784342742e-01 9.680778503431729243e-02 1.065136834357869766e+00 1.058568725725385962e+00 1.043396469604410681e+00 1.036977450548562718e+00 1.027365067279360500e-01 1.103653322193673070e+00 1.121772224315219724e+00 1.121772221292471450e+00 -2.328348944145608793e-02 0.000000000000000000e+00 0.000000000000000000e+00 -1.460136904070125433e-02 -3.792752507297685559e-03 1.576796378078912722e-02 -2.227080928384128026e-03 0.000000000000000000e+00 0.000000000000000000e+00
8.639379797371931069e-01 9.887701350514623844e-01 9.757974165552492363e-02 1.065136834357869766e+00 1.056922880857741553e+00 1.050164973953391145e+00 1.044024883954467020e+00 1.026784246233743425e-01 1.111857367213036740e+00 1.121772224315219946e+00 1.121772221292471450e+00 8.221082977295889049e-02 0.000000000000000000e+00 0.000000000000000000e+00 -7.758207755978241416e-03 1.320249607279614344e-02 1.565267176947031380e-02 -1.175753031422106755e-03 0.000000000000000000e+00 0.000000000000000000e+00
1.021017612416682763e+00 1.239713447133746538e+00 9.651720159646025310e-02 1.065136834357869766e+00 1.056081075269617697e+00 1.058399028594796398e+00 1.312617432844624066e+00 1.021917268560893766e-01 1.121100397780973923e+00 1.121772224315219724e+00 1.121772221292471450e+00 -6.428794628932980176e-03 0.000000000000000000e+00 0.000000000000000000e+00 -1.556190414881628015e-04 -8.253240087336467280e-04 1.239075305970634665e-02 -2.340094694386435180e-05 0.000000000000000000e+00 0.000000000000000000e+00
1.178097245096172418e+00 1.000750995128031562e+00 9.667662025921233693e-02 1.065136834357869766e+00 1.056125710757185088e+00 1.067292626890293583e+00 1.063763234072068187e+00 1.026528458110777531e-01 1.130471480344357849e+00 1.121772224315219946e+00 1.121772221292471450e+00 -4.655435772761363361e-02 0.000000000000000000e+00 0.000000000000000000e+00 7.462202749044397065e-03 -7.398462119524152475e-03 1.535840618475100942e-02 1.112747406092573716e-03 0.000000000000000000e+00 0.000000000000000000e+00
1.335176877775662074e+00 1.060015721562594715e+00 9.617644929179246238e-02 1.065136834357869766e+00 1.057052418087926160e+00 1.075975201473376330e+00 1.126910201772826525e+00 1.021560787410860233e-01 1.139028977471836956e+00 1.121772224315219946e+00 1.121772221292471450e+00 4.445185234808202157e-02 0.000000000000000000e+00 0.000000000000000000e+00 1.434957214227672653e-02 6.670268339844460763e-03 1.442763129923843070e-02 2.122418761456079227e-03 0.000000000000000000e+00 0.000000000000000000e+00
1.492256510455151730e+00 1.151102282004735633e+00 9.652995048081193519e-02 1.065136834357869766e+00 1.058770484691558877e+00 1.083596841448798420e+00 1.217195795344470977e+00 1.017959723939032696e-01 1.145902708708513851e+00 1.121772224315219946e+00 1.121772221292471450e+00 8.489884021145913118e-02 0.000000000000000000e+00 0.000000000000000000e+00 1.983230543487497777e-02 1.171715960612810387e-02 1.331037476082538168e-02 2.912575004581174562e-03 0.000000000000000000e+00 0.000000000000000000e+00
