-1.492256510455151730e+00 1.319520982910554086e+00 5.457179312613954364e-02 1.217091455844567127e+00 0.000000000000000000e+00 1.222458626696421691e+00 0.000000000000000000e+00 2.677018454637696346e-02 1.212349998743296409e+00 1.525452119440992398e-02
-1.335176877775662074e+00 1.162068126599985041e+00 5.585980967495553923e-02 1.221589914969091417e+00 0.000000000000000000e+00 1.222458626696421691e+00 0.000000000000000000e+00 2.707381398561687844e-02 1.204487678245599769e+00 2.034223527988592017e-02
-1.178097245096172418e+00 1.235875466000555534e+00 4.007165786265974236e-03 1.226173409650157531e+00 0.000000000000000000e+00 1.222458626696421691e+00 0.000000000000000000e+00 2.697596143702206059e-02 1.198453373247055920e+00 2.343870964347942454e-02
-1.021017612416682763e+00 1.212054679932644818e+00 4.065751055038265005e-02 1.230393275493297134e+00 0.000000000000000000e+00 1.222458626696421691e+00 0.000000000000000000e+00 2.705316944259224601e-02 1.194837763564397193e+00 2.424083980007639416e-02
-8.639379797371931069e-01 1.052834425166045973e+00 -3.522128185703186920e-02 1.233836442628249541e+00 0.000000000000000000e+00 1.222458626696421691e+00 0.000000000000000000e+00 2.721699430553926533e-02 1.193994770264796612e+00 2.267010766117971352e-02
-7.068583470577034511e-01 1.172021984109619996e+00 9.763868893696286966e-02 1.236165869865889944e+00 0.000000000000000000e+00 1.222458626696421691e+00 0.000000000000000000e+00 2.722125265882889902e-02 1.196006911405898210e+00 1.888026743247889910e-02
-5.497787143782137953e-01 1.273361329368994266e+00 -7.342489287664358266e-02 1.237153536638123441e+00 0.000000000000000000e+00 1.222458626696421691e+00 0.000000000000000000e+00 2.719451428956193989e-02 1.200677224593399650e+00 1.324229508092873535e-02
-3.926990816987241395e-01 1.289926610542831087e+00 3.403575988515483708e-02 1.236702763239805325e+00 0.000000000000000000e+00 1.222458626696421691e+00 0.000000000000000000e+00 2.729847589081440748e-02 1.207548547032522679e+00 6.308074622362167330e-03
-2.356194490192344837e-01 1.164771637625934053e+00 -2.793542230315651520e-02 1.234857674511885772e+00 0.000000000000000000e+00 1.222458626696421691e+00 0.000000000000000000e+00 2.728877003861385556e-02 1.215948265807607509e+00 -1.243624131181476954e-03
-7.853981633974482790e-02 1.323088717015080684e+00 6.387773497514237508e-02 1.231798880594543011e+00 0.000000000000000000e+00 1.222458626696421691e+00 0.000000000000000000e+00 2.724816785417422116e-02 1.225054157920666853e+00 -8.673588289926250847e-03
7.853981633974482790e-02 1.128437987851968805e+00 -3.723874223260154742e-02 1.227825797548276254e+00 0.000000000000000000e+00 1.222458626696421691e+00 0.000000000000000000e+00 2.704743935252048800e-02 1.233974875207193289e+00 -1.525452119440992051e-02
2.356194490192344837e-01 1.219858113550167822e+00 3.342774782839184888e-02 1.223327338423751742e+00 0.000000000000000000e+00 1.222458626696421691e+00 0.000000000000000000e+00 2.713702908743204426e-02 1.241837195704889707e+00 -2.034223527988592017e-02
3.926990816987241395e-01 1.222543488210992013e+00 -4.303705531914445159e-02 1.218743843742685851e+00 0.000000000000000000e+00 1.222458626696421691e+00 0.000000000000000000e+00 2.696926603958575003e-02 1.247871500703433556e+00 -2.343870964347942107e-02
5.497787143782137953e-01 1.284601763047195755e+00 -3.687437312268984635e-02 1.214523977899546248e+00 0.000000000000000000e+00 1.222458626696421691e+00 0.000000000000000000e+00 2.692138675215326529e-02 1.251487110386092283e+00 -2.424083980007639763e-02
7.068583470577034511e-01 1.245606110801195099e+00 -1.281451740256148997e-01 1.211080810764594062e+00 0.000000000000000000e+00 1.222458626696421691e+00 0.000000000000000000e+00 2.689873187310107619e-02 1.252330103685692864e+00 -2.267010766117971352e-02
8.639379797371931069e-01 1.324704816270455998e+00 3.006973733410544386e-02 1.208751383526953882e+00 0.000000000000000000e+00 1.222458626696421691e+00 0.000000000000000000e+00 2.682552348155124375e-02 1.250317962544591488e+00 -1.888026743247889910e-02
1.021017612416682763e+00 1.240428924588954818e+00 6.615623821374171099e-02 1.207763716754719940e+00 0.000000000000000000e+00 1.222458626696421691e+00 0.000000000000000000e+00 2.694418561646221011e-02 1.245647649357090048e+00 -1.324229508092873708e-02
1.178097245096172418e+00 1.180163398252888518e+00 -4.380520319605026025e-02 1.208214490153038057e+00 0.000000000000000000e+00 1.222458626696421691e+00 0.000000000000000000e+00 2.705522070561604611e-02 1.238776326917967019e+00 -6.308074622362171667e-03
1.335176877775662074e+00 1.202712463820949429e+00 2.600335664552085382e-02 1.210059578880957387e+00 0.000000000000000000e+00 1.222458626696421691e+00 0.000000000000000000e+00 2.687854652711247141e-02 1.230376608142882411e+00 1.243624131181472834e-03
1.492256510455151730e+00 1.208667714539499505e+00 -5.594981919133261428e-02 1.213118372798300371e+00 0.000000000000000000e+00 1.222458626696421691e+00 0.000000000000000000e+00 2.700526315104504610e-02 1.221270716029822845e+00 8.673588289926245642e-03
