-1.492256510455151730e+00 1.182349746264006241e+00 3.613268199806170949e-02 1.083875626404782411e+00 0.000000000000000000e+00 1.088655337609836016e+00 0.000000000000000000e+00 2.446662506416761446e-02 1.087952910391290606e+00 1.673180723732170874e-02
-1.335176877775662074e+00 1.017193220685741473e+00 5.359977782305308525e-02 1.087881710070916386e+00 0.000000000000000000e+00 1.088655337609836016e+00 0.000000000000000000e+00 2.474641256467306066e-02 1.083013734933836902e+00 1.811400975603222330e-02
-1.178097245096172418e+00 1.120851500721134819e+00 1.053884668878818723e-02 1.091963521790739966e+00 0.000000000000000000e+00 1.088655337609836016e+00 0.000000000000000000e+00 2.462023394312127036e-02 1.078688300232643060e+00 1.772308679209514889e-02
-1.021017612416682763e+00 1.109191550666096093e+00 5.686443614931813162e-02 1.095721505393461914e+00 0.000000000000000000e+00 1.088655337609836016e+00 0.000000000000000000e+00 2.469388029251916999e-02 1.075400009973337845e+00 1.559730460894110521e-02
-8.639379797371931069e-01 9.843526334736893979e-01 -4.643710185593610817e-02 1.098787803260636853e+00 0.000000000000000000e+00 1.088655337609836016e+00 0.000000000000000000e+00 2.478827349236010363e-02 1.073470744917367270e+00 1.194474957785258799e-02
-7.068583470577034511e-01 1.022876722103432057e+00 5.840179779286198275e-02 1.100862264792872081e+00 0.000000000000000000e+00 1.088655337609836016e+00 0.000000000000000000e+00 2.483480677735650302e-02 1.073089354970390152e+00 7.122959234119871814e-03
-5.497787143782137953e-01 1.126246211413166609e+00 -7.492642914652505870e-02 1.101741827241768723e+00 0.000000000000000000e+00 1.088655337609836016e+00 0.000000000000000000e+00 2.486232230557626141e-02 1.074293173237715893e+00 1.603924011976293282e-03
-3.926990816987241395e-01 1.151860067137156607e+00 -5.553476444205828269e-03 1.101340392906557275e+00 0.000000000000000000e+00 1.088655337609836016e+00 0.000000000000000000e+00 2.492760439231144279e-02 1.076964361599844100e+00 -4.072114467655234792e-03
-2.356194490192344837e-01 1.007946832281882310e+00 -1.323913262078566834e-02 1.099697256976925219e+00 0.000000000000000000e+00 1.088655337609836016e+00 0.000000000000000000e+00 2.493107987959021846e-02 1.080841445528625711e+00 -9.349546011102853257e-03
-7.853981633974482790e-02 1.194968671204807986e+00 3.520680444274542492e-02 1.096973261046066961e+00 0.000000000000000000e+00 1.088655337609836016e+00 0.000000000000000000e+00 2.484168462692431731e-02 1.085544909035879968e+00 -1.371177884886622123e-02
7.853981633974482790e-02 9.916205662608776894e-01 -1.663327505628236710e-02 1.093435048814889621e+00 0.000000000000000000e+00 1.088655337609836016e+00 0.000000000000000000e+00 2.468507018591466554e-02 1.090614344342559106e+00 -1.673180723732170874e-02
2.356194490192344837e-01 1.066125526353620678e+00 1.312549779650489662e-02 1.089428965148755646e+00 0.000000000000000000e+00 1.088655337609836016e+00 0.000000000000000000e+00 2.481402386235844956e-02 1.095553519800012809e+00 -1.811400975603221983e-02
3.926990816987241395e-01 1.120905318613787616e+00 -4.762231429061364318e-02 1.085347153428932065e+00 0.000000000000000000e+00 1.088655337609836016e+00 0.000000000000000000e+00 2.459290883893826968e-02 1.099878954501206652e+00 -1.772308679209514889e-02
5.497787143782137953e-01 1.099537027306473291e+00 -2.366363559296261534e-02 1.081589169826210117e+00 0.000000000000000000e+00 1.088655337609836016e+00 0.000000000000000000e+00 2.463686091209256468e-02 1.103167244760511867e+00 -1.559730460894110521e-02
7.068583470577034511e-01 1.126148448734473284e+00 -9.948820565041129049e-02 1.078522871959035401e+00 0.000000000000000000e+00 1.088655337609836016e+00 0.000000000000000000e+00 2.453166969584868323e-02 1.105096509816482442e+00 -1.194474957785258973e-02
8.639379797371931069e-01 1.170865360492999940e+00 5.403419172443028884e-02 1.076448410426800173e+00 0.000000000000000000e+00 1.088655337609836016e+00 0.000000000000000000e+00 2.454778068670456989e-02 1.105477899763459559e+00 -7.122959234119874417e-03
1.021017612416682763e+00 1.091270064119369998e+00 6.675199484155450169e-02 1.075568847977903308e+00 0.000000000000000000e+00 1.088655337609836016e+00 0.000000000000000000e+00 2.460661816859481196e-02 1.104274081496133819e+00 -1.603924011976296101e-03
1.178097245096172418e+00 1.030583946691960850e+00 -3.222733995303471433e-02 1.075970282313114756e+00 0.000000000000000000e+00 1.088655337609836016e+00 0.000000000000000000e+00 2.472770951256711425e-02 1.101602893134005612e+00 4.072114467655230455e-03
1.335176877775662074e+00 1.054816328001682235e+00 -4.982061967297148064e-03 1.077613418242746590e+00 0.000000000000000000e+00 1.088655337609836016e+00 0.000000000000000000e+00 2.453549741023940134e-02 1.097725809205224001e+00 9.349546011102849788e-03
1.492256510455151730e+00 1.115962785776884569e+00 -3.787416297300112006e-02 1.080337414173605071e+00 0.000000000000000000e+00 1.088655337609836016e+00 0.000000000000000000e+00 2.465331010676733228e-02 1.093022345697969744e+00 1.371177884886622123e-02
