-1.492256510455151730e+00 1.654901502735903085e+00 1.410169070304588546e-01 1.539196559047925961e+00 0.000000000000000000e+00 1.550131064812372061e+00 0.000000000000000000e+00 5.558031366466985312e-02 1.601851661563820528e+00 -7.931741236830026909e-03
-1.335176877775662074e+00 1.650945546146734166e+00 -2.354357096420141467e-03 1.545257548558984340e+00 0.000000000000000000e+00 1.550131064812372061e+00 0.000000000000000000e+00 5.487610911173999850e-02 1.608792357061829437e+00 -3.124203144996863784e-03
-1.178097245096172418e+00 1.749225653678019743e+00 -4.613035539942084151e-02 1.551795591796709006e+00 0.000000000000000000e+00 1.550131064812372061e+00 0.000000000000000000e+00 5.508596132365708303e-02 1.609990876543628380e+00 1.989153718271869081e-03
-1.021017612416682763e+00 1.578419914990340622e+00 -1.575046740614738372e-01 1.558170699535764925e+00 0.000000000000000000e+00 1.550131064812372061e+00 0.000000000000000000e+00 5.542309732489220792e-02 1.605329900571762058e+00 6.907798356347254372e-03
-8.639379797371931069e-01 1.677995396868243505e+00 1.333523162090020919e-01 1.563758831812666505e+00 0.000000000000000000e+00 1.550131064812372061e+00 0.000000000000000000e+00 5.509863302597071966e-02 1.595265677949286642e+00 1.115025956184214490e-02
-7.068583470577034511e-01 1.577616954854505593e+00 -5.431090284948884850e-02 1.568012983305343333e+00 0.000000000000000000e+00 1.550131064812372061e+00 0.000000000000000000e+00 5.557675486690322880e-02 1.580783364908051825e+00 1.430125567299737888e-02
-5.497787143782137953e-01 1.327442521007516696e+00 -1.435016463363280870e-01 1.570516728025276088e+00 0.000000000000000000e+00 1.550131064812372061e+00 0.000000000000000000e+00 5.631226862095953245e-02 1.563300591152742003e+00 1.605234523617223019e-02
-3.926990816987241395e-01 1.553973607981885330e+00 -2.227508013965153744e-01 1.571024981994662006e+00 0.000000000000000000e+00 1.550131064812372061e+00 0.000000000000000000e+00 5.546391624954861294e-02 1.544528692388174473e+00 1.623211940436475667e-02
-2.356194490192344837e-01 1.414453776579335909e+00 -2.704337504914502630e-02 1.569487993773764689e+00 0.000000000000000000e+00 1.550131064812372061e+00 0.000000000000000000e+00 5.603319050073213986e-02 1.526305192856934445e+00 1.482298062943198692e-02
-7.853981633974482790e-02 1.726984921598951450e+00 3.956097375989935799e-02 1.566056214478471320e+00 0.000000000000000000e+00 1.550131064812372061e+00 0.000000000000000000e+00 5.531091659970594626e-02 1.510413935663726503e+00 1.196286523271149725e-02
7.853981633974482790e-02 1.408071485776912102e+00 -6.394860686989035925e-02 1.561065570576818162e+00 0.000000000000000000e+00 1.550131064812372061e+00 0.000000000000000000e+00 5.579138395264151423e-02 1.498410467783521938e+00 7.931741236830030378e-03
2.356194490192344837e-01 1.599107224171638419e+00 1.454056757400812028e-01 1.555004581065759783e+00 0.000000000000000000e+00 1.550131064812372061e+00 0.000000000000000000e+00 5.563381044325474423e-02 1.491469772285512807e+00 3.124203144996866386e-03
3.926990816987241395e-01 1.370945808030462398e+00 -4.135416601403505560e-02 1.548466537828035339e+00 0.000000000000000000e+00 1.550131064812372061e+00 0.000000000000000000e+00 5.545224892182117060e-02 1.490271252803714086e+00 -1.989153718271866045e-03
5.497787143782137953e-01 1.600702378270976389e+00 -2.441956506593583737e-02 1.542091430088979420e+00 0.000000000000000000e+00 1.550131064812372061e+00 0.000000000000000000e+00 5.531801117230671777e-02 1.494932228775580185e+00 -6.907798356347253504e-03
7.068583470577034511e-01 1.579107921090178168e+00 -8.296861262091058398e-02 1.536503297812077617e+00 0.000000000000000000e+00 1.550131064812372061e+00 0.000000000000000000e+00 5.517722503254992444e-02 1.504996451398055601e+00 -1.115025956184214490e-02
8.639379797371931069e-01 1.555021560800092573e+00 -6.457670975765861243e-02 1.532249146319400790e+00 0.000000000000000000e+00 1.550131064812372061e+00 0.000000000000000000e+00 5.466239760387724134e-02 1.519478764439290419e+00 -1.430125567299737714e-02
1.021017612416682763e+00 1.546212101096547276e+00 -1.848553261037338136e-01 1.529745401599468480e+00 0.000000000000000000e+00 1.550131064812372061e+00 0.000000000000000000e+00 5.522763856506682223e-02 1.536961538194600241e+00 -1.605234523617223366e-02
1.178097245096172418e+00 1.258703711966526306e+00 -1.215320810063659079e-01 1.529237147630082339e+00 0.000000000000000000e+00 1.550131064812372061e+00 0.000000000000000000e+00 5.506309208794479132e-02 1.555733436959167770e+00 -1.623211940436475667e-02
1.335176877775662074e+00 1.599509985553377422e+00 -2.387021530303461148e-01 1.530774135850979878e+00 0.000000000000000000e+00 1.550131064812372061e+00 0.000000000000000000e+00 5.521881638898677030e-02 1.573956936490407799e+00 -1.482298062943198692e-02
1.492256510455151730e+00 1.573279322288896331e+00 3.536304564130410277e-02 1.534205915146272803e+00 0.000000000000000000e+00 1.550131064812372061e+00 0.000000000000000000e+00 5.502324618164480818e-02 1.589848193683615740e+00 -1.196286523271149725e-02
