-1.492256510455151730e+00 7.552335715964512808e+00 5.024851675646648322e-03 7.269046562775896447e+00 0.000000000000000000e+00 7.320686121788336109e+00 0.000000000000000000e+00 1.095611462211498188e-01 7.279216509120226775e+00 -5.355477519492189004e-02
-1.335176877775662074e+00 7.661511385512881134e+00 1.389350324234998324e-01 7.297670337116732853e+00 0.000000000000000000e+00 7.320686121788336109e+00 0.000000000000000000e+00 1.073914341989306298e-01 7.310210751005882912e+00 -7.488146755566922608e-02
-1.178097245096172418e+00 7.339624323499428726e+00 6.716779980085617330e-02 7.328547056821627770e+00 0.000000000000000000e+00 7.320686121788336109e+00 0.000000000000000000e+00 1.096650833921530149e-01 7.342230395167653079e+00 -8.887824014220480073e-02
-1.021017612416682763e+00 7.329131818434106549e+00 -6.923050783167515598e-02 7.358654293435108684e+00 0.000000000000000000e+00 7.320686121788336109e+00 0.000000000000000000e+00 1.098104339187362111e-01 7.372141135740999829e+00 -9.417499133250953336e-02
-8.639379797371931069e-01 7.388388081115038197e+00 -1.989379566392456000e-01 7.385044940867995678e+00 0.000000000000000000e+00 7.320686121788336109e+00 0.000000000000000000e+00 1.097395534289191538e-01 7.397015101038222795e+00 -9.025323821544078973e-02
-7.068583470577034511e-01 7.421962594596932306e+00 1.171033447692425150e-01 7.405135698675107569e+00 0.000000000000000000e+00 7.320686121788336109e+00 0.000000000000000000e+00 1.105713013538710821e-01 7.414417454028920496e+00 -7.749686931055793648e-02
-5.497787143782137953e-01 7.179827758131571258e+00 4.555819096841402793e-02 7.416959943501741037e+00 0.000000000000000000e+00 7.320686121788336109e+00 0.000000000000000000e+00 1.094534781016248542e-01 7.422644731153043907e+00 -5.715456688511927341e-02
-3.926990816987241395e-01 7.599840480296633949e+00 -1.104186960624709141e-01 7.419360235879906895e+00 0.000000000000000000e+00 7.320686121788336109e+00 0.000000000000000000e+00 1.104166257880606072e-01 7.420891589202870620e+00 -3.121757723368183760e-02
-2.356194490192344837e-01 7.041891286247934367e+00 7.736621324399445276e-02 7.412101618467812791e+00 0.000000000000000000e+00 7.320686121788336109e+00 0.000000000000000000e+00 1.108157039078844636e-01 7.409329637927342560e+00 -2.224793616961418235e-03
-7.853981633974482790e-02 7.627275335438953974e+00 8.230907966009627652e-02 7.395894615311512155e+00 0.000000000000000000e+00 7.320686121788336109e+00 0.000000000000000000e+00 1.081964525054862625e-01 7.389090641674158633e+00 2.698576830003579508e-02
7.853981633974482790e-02 7.512923551165481051e+00 5.032834940774245230e-02 7.372325680800775771e+00 0.000000000000000000e+00 7.320686121788336109e+00 0.000000000000000000e+00 1.084294874388215257e-01 7.362155734409961738e+00 5.355477519492189004e-02
2.356194490192344837e-01 7.505996472654216767e+00 2.849323881970449723e-01 7.343701906459939366e+00 0.000000000000000000e+00 7.320686121788336109e+00 0.000000000000000000e+00 1.103460479100517588e-01 7.331161492524305601e+00 7.488146755566922608e-02
3.926990816987241395e-01 7.200652346478427113e+00 2.049270887222891246e-02 7.312825186755045337e+00 0.000000000000000000e+00 7.320686121788336109e+00 0.000000000000000000e+00 1.108631390792326060e-01 7.299141848362535434e+00 8.887824014220480073e-02
5.497787143782137953e-01 6.782942761829033884e+00 1.989346329382651324e-01 7.282717950141564422e+00 0.000000000000000000e+00 7.320686121788336109e+00 0.000000000000000000e+00 1.107352681238515102e-01 7.269231107789188684e+00 9.417499133250951948e-02
7.068583470577034511e-01 7.503090704010537237e+00 2.294983093252819795e-01 7.256327302708676541e+00 0.000000000000000000e+00 7.320686121788336109e+00 0.000000000000000000e+00 1.088280007053384901e-01 7.244357142491965718e+00 9.025323821544078973e-02
8.639379797371931069e-01 7.468977259501405008e+00 1.230527789392928673e-01 7.236236544901564649e+00 0.000000000000000000e+00 7.320686121788336109e+00 0.000000000000000000e+00 1.079738660688647073e-01 7.226954789501268017e+00 7.749686931055795036e-02
1.021017612416682763e+00 7.248987161167649518e+00 1.543198874914952223e-01 7.224412300074932070e+00 0.000000000000000000e+00 7.320686121788336109e+00 0.000000000000000000e+00 1.098164706730730966e-01 7.218727512377144606e+00 5.715456688511928729e-02
1.178097245096172418e+00 7.302169330357201282e+00 5.245586185481969366e-02 7.222012007696766211e+00 0.000000000000000000e+00 7.320686121788336109e+00 0.000000000000000000e+00 1.078346893863274952e-01 7.220480654327317893e+00 3.121757723368185494e-02
1.335176877775662074e+00 6.821143816098232726e+00 -2.742207836312940752e-02 7.229270625108860315e+00 0.000000000000000000e+00 7.320686121788336109e+00 0.000000000000000000e+00 1.090736995178943208e-01 7.232042605602845953e+00 2.224793616961434715e-03
1.492256510455151730e+00 6.925050252801932871e+00 -6.879110655913814321e-02 7.245477628265160064e+00 0.000000000000000000e+00 7.320686121788336109e+00 0.000000000000000000e+00 1.085225794688935846e-01 7.252281601856029880e+00 -2.698576830003578467e-02
